0 704751 704751 12 0.06145 0.0886333 56 0
1 1374803 670052 23 0.0722569 0.11967 45 0
2 1888129 513326 32 0.0954001 0.12977 37 2
3 2544919 656790 44 0.083757 0.138401 46 1
4 2938777 393858 50 0.0830317 0.138576 37 2
5 3567244 628467 59 0.0729933 0.122784 44 0
6 4066545 499301 67 0.0733839 0.11216 42 1
7 4705295 638750 76 0.0769129 0.121973 40 4
8 5140747 435452 84 0.0737926 0.122741 42 4
9 5606871 466124 91 0.077026 0.13102 45 7
10 6084525 477654 98 0.0802736 0.124853 46 11
11 6627890 543365 106 0.0829275 0.127687 37 5
12 7034956 407066 111 0.0807459 0.132743 33 6
13 7601073 566117 119 0.0782834 0.140009 36 7
14 7989415 388342 124 0.0769349 0.140166 35 7
15 8493569 504154 131 0.0792692 0.132255 41 5
16 8918788 425219 137 0.0872346 0.13234 35 9
17 9457202 538414 145 0.0864105 0.121738 40 6
18 10046219 589017 153 0.0901504 0.118769 41 9
19 10350939 304720 158 0.0912084 0.124779 33 10
20 10823653 472714 165 0.0886611 0.121262 43 11
21 11312885 489232 173 0.0845021 0.119316 44 7
22 11660481 347596 179 0.0854302 0.117569 33 5
23 12046969 386488 185 0.0908398 0.119194 27 7
24 12503696 456727 192 0.092683 0.118319 36 10
25 13019370 515674 200 0.088107 0.111574 49 8
26 13439740 420370 205 0.0886499 0.112323 41 10
27 13924529 484789 213 0.0930551 0.115907 31 8
28 14271769 347240 219 0.084995 0.111029 44 6
29 14938554 666785 227 0.0842657 0.111102 46 7
30 15526450 587896 235 0.0840949 0.104848 42 3
31 16095335 568885 242 0.0849031 0.107852 33 8
32 16434404 339069 246 0.0852645 0.104294 38 10
33 16667335 232931 250 0.0862343 0.102248 31 8
34 17013871 346536 255 0.083249 0.1007 35 5
35 17340905 327034 261 0.0842535 0.103082 35 12
36 17754690 413785 267 0.0850637 0.105351 28 6
37 18190368 435678 272 0.0831001 0.108609 33 6
38 18646674 456306 279 0.0819826 0.105599 39 8
39 19095497 448823 285 0.0844887 0.104743 34 10
40 19666026 570529 294 0.0816629 0.102722 44 3
41 20181191 515165 303 0.0850661 0.10833 37 12
42 20338979 157788 305 0.0814363 0.10704 34 8
43 20646783 307804 309 0.0826337 0.107214 32 6
44 20956673 309890 314 0.0814066 0.104974 37 6
45 21481893 525220 321 0.0818309 0.105278 45 10
46 21772407 290514 327 0.0838332 0.106311 34 13
47 22131974 359567 332 0.0826836 0.105165 39 10
48 22475934 343960 337 0.0797438 0.103954 32 6
49 22844516 368582 341 0.0788625 0.101555 36 8
50 23106760 262244 345 0.0811487 0.106236 32 14
51 23687524 580764 354 0.0823911 0.107123 40 12
52 24114415 426891 361 0.0857507 0.115083 35 22
53 24295327 180912 363 0.0854585 0.116117 30 15
54 24682691 387364 369 0.0860565 0.117896 36 16
55 24863323 180632 372 0.0853758 0.115708 37 18
56 25329823 466500 377 0.085147 0.115294 41 13
57 25664168 334345 382 0.0851465 0.11577 39 14
58 25865231 201063 385 0.0857404 0.109626 38 14
59 26223355 358124 390 0.0864735 0.112134 29 14
60 26524446 301091 394 0.0877753 0.111542 32 10
61 26959768 435322 400 0.0902618 0.114132 37 14
62 27266755 306987 405 0.0864331 0.111896 42 8
63 27420698 153943 408 0.0890904 0.110434 33 17
64 27649911 229213 411 0.0940833 0.110371 32 21
65 27941155 291244 414 0.0958071 0.112021 31 15
66 28171417 230262 418 0.0961681 0.114 30 17
67 28493539 322122 422 0.0934457 0.114249 43 17
68 28809484 315945 426 0.0911578 0.116187 44 22
69 29135722 326238 430 0.0924822 0.115022 32 14
70 29311121 175399 432 0.0946141 0.114595 35 23
71 29571698 260577 436 0.0966014 0.11256 31 15
72 29877252 305554 440 0.0944458 0.11284 40 13
73 30286518 409266 445 0.0949192 0.113798 32 12
74 30522690 236172 447 0.0979562 0.115209 34 20
75 30752333 229643 450 0.0991497 0.115838 31 15
76 31028222 275889 454 0.0973142 0.110066 44 13
77 31370652 342430 458 0.0977351 0.112642 40 21
78 31693677 323025 463 0.0965454 0.114663 41 17
79 31765338 71661 464 0.0990137 0.117848 33 22
80 31949395 184057 467 0.0968481 0.116376 38 15
81 32131435 182040 469 0.0963798 0.115054 39 19
82 32450624 319189 473 0.0959673 0.113299 31 9
83 32776564 325940 477 0.0948153 0.111427 43 19
84 33206554 429990 482 0.0943562 0.11124 39 15
85 33553778 347224 487 0.0930392 0.10848 44 14
86 33722125 168347 490 0.0936419 0.109164 27 15
87 34064995 342870 494 0.0929849 0.110749 38 15
88 34159540 94545 495 0.0912919 0.111665 29 19
89 34370052 210512 498 0.089726 0.109043 40 17
90 34596147 226095 501 0.0896413 0.108593 27 8
91 34744623 148476 504 0.0891732 0.106258 30 13
92 35396094 651471 513 0.0905571 0.107568 42 14
93 35721842 325748 518 0.0886264 0.107546 36 7
94 35981360 259518 522 0.0910123 0.108858 29 16
95 36292424 311064 526 0.0916786 0.11074 40 22
96 36666671 374247 531 0.0919498 0.113329 37 19
97 36968659 301988 535 0.0894589 0.110178 41 11
98 37321348 352689 540 0.0919635 0.111628 41 20
99 37514153 192805 543 0.0913172 0.10905 35 13
100 37879110 364957 548 0.0890442 0.106535 44 11
101 38048725 169615 550 0.0905145 0.109902 35 28
102 38463708 414983 555 0.088623 0.110566 36 18
103 38660679 196971 559 0.0871422 0.109528 37 16
104 38981407 320728 563 0.0893347 0.111332 34 24
105 39299194 317787 567 0.0903623 0.113991 37 22
106 39414657 115463 568 0.0918695 0.111605 30 16
107 39826981 412324 572 0.0931662 0.111339 48 27
108 40151854 324873 575 0.0947967 0.110948 37 30
109 40386677 234823 578 0.0917234 0.110368 38 17
110 40628729 242052 581 0.0923545 0.112227 30 15
111 40820177 191448 583 0.0931978 0.109008 44 22
112 41239687 419510 588 0.0955838 0.112121 36 23
113 41476095 236408 591 0.09744 0.113509 30 17
114 41819958 343863 595 0.096782 0.113295 38 22
115 42023474 203516 598 0.0955918 0.112116 34 17
116 42311824 288350 603 0.0998212 0.114738 29 23
117 42498855 187031 606 0.0989578 0.113312 29 17
118 42822739 323884 611 0.102471 0.114557 40 26
119 42997249 174510 613 0.101447 0.114591 30 18
120 43324422 327173 617 0.0986634 0.113404 44 22
121 43506536 182114 620 0.0981786 0.114439 30 15
122 43840405 333869 625 0.0971461 0.112591 40 13
123 44084776 244371 629 0.0947853 0.112567 37 16
124 44532651 447875 634 0.0941341 0.111589 47 20
125 45047784 515133 640 0.0925989 0.111216 44 15
126 45149881 102097 642 0.0952158 0.115705 24 23
127 45308014 158133 644 0.0944332 0.113763 43 28
128 45525814 217800 647 0.0952826 0.114179 38 17
129 45690566 164752 649 0.0973206 0.114962 36 30
130 46057787 367221 654 0.097542 0.114845 44 22
131 46250962 193175 656 0.0986304 0.117819 32 24
132 46384733 133771 658 0.0979349 0.116881 39 19
133 177007695 130622962 2643 0.0451712 0.0816022 9527 20
134 177166227 158532 2645 0.0521014 0.088641 31 125
135 177217821 51594 2646 0.0649859 0.101607 31 198
136 177217821 0 2646 0.0764954 0.114518 33 197
137 177217821 0 2646 0.0854396 0.123079 42 151
138 177217821 0 2646 0.0951462 0.130718 42 157
139 177217821 0 2646 0.106039 0.140371 40 163
140 177217821 0 2644 0.118854 0.153045 24 208
141 177217821 0 2641 0.139984 0.171749 39 329
142 177217821 0 2633 0.182822 0.211818 46 625
143 177217821 0 2619 0.234629 0.26022 42 787
144 177217821 0 2611 0.260372 0.284463 50 407
145 177217821 0 2609 0.265729 0.292092 34 131
146 177217821 0 2611 0.267889 0.294278 45 72
147 177217821 0 2610 0.27076 0.297414 28 69
148 177217821 0 2608 0.27314 0.298766 41 73
149 177217821 0 2603 0.273175 0.300311 39 62
150 177217821 0 2603 0.276903 0.303067 37 70
151 177217821 0 2603 0.278252 0.303719 33 45
152 177217821 0 2601 0.280557 0.30667 27 66
153 177217821 0 2598 0.281122 0.307493 30 48
154 177217821 0 2595 0.279487 0.306621 46 34
155 177217821 0 2596 0.280702 0.307473 39 52
156 177217821 0 2596 0.28117 0.307791 37 41
157 177217821 0 2597 0.281582 0.308686 35 38
158 177217821 0 2597 0.28288 0.308998 35 43
159 177217821 0 2597 0.282915 0.309758 36 46
160 177217821 0 2595 0.28237 0.309686 37 37
161 177217821 0 2593 0.282531 0.309354 31 36
162 177217821 0 2592 0.282517 0.308591 30 27
163 177217821 0 2592 0.283146 0.309208 31 37
164 177217821 0 2589 0.28237 0.307783 41 42
165 302915748 125697927 4547 0.0468763 0.0832645 12225 26
166 302956432 40684 4548 0.0509878 0.0873827 33 126
167 303052897 96465 4549 0.0611781 0.0972133 32 259
168 303109095 56198 4549 0.0694589 0.105001 38 222
169 303109095 0 4549 0.0781406 0.113138 27 214
170 303109095 0 4549 0.0862244 0.120634 29 213
171 303109095 0 4548 0.0927009 0.126194 40 180
172 303109095 0 4548 0.101855 0.136078 37 266
173 303109095 0 4546 0.12083 0.154951 27 472
174 303109095 0 4538 0.155977 0.187606 40 848
175 303109095 0 4520 0.197122 0.225443 35 992
176 303109095 0 4503 0.220474 0.246879 30 581
177 303109095 0 4498 0.223777 0.251359 39 150
178 303109095 0 4494 0.226036 0.253146 32 96
179 303109095 0 4490 0.228093 0.25488 39 96
180 303109095 0 4489 0.23016 0.256939 30 89
181 303109095 0 4485 0.23974 0.265419 27 235
182 303109095 0 4482 0.269237 0.295142 29 711
183 303109095 0 4463 0.318738 0.342633 26 1196
184 303109095 0 4438 0.348385 0.370886 34 748
185 303109095 0 4422 0.355026 0.377004 41 229
186 303109095 0 4418 0.356951 0.37858 30 80
187 303109095 0 4416 0.35802 0.379516 35 64
188 303109095 0 4416 0.359976 0.380494 28 52
189 303109095 0 4417 0.360871 0.381278 45 61
190 303109095 0 4417 0.36051 0.38037 50 37
191 303109095 0 4416 0.360963 0.380294 37 48
192 303109095 0 4415 0.360653 0.380261 40 41
193 303109095 0 4416 0.361437 0.381183 30 46
194 303109095 0 4414 0.362124 0.381298 27 42
195 303109095 0 4413 0.361872 0.381585 33 38
196 303109095 0 4412 0.361981 0.380889 36 32
197 303109095 0 4412 0.362171 0.381017 25 33
198 303109095 0 4410 0.362371 0.38074 26 34
199 303109095 0 4411 0.361664 0.380794 40 37
200 303109095 0 4411 0.36145 0.380294 32 24
201 303109095 0 4411 0.361155 0.380043 33 29
202 303109095 0 4411 0.360664 0.37982 34 24
203 303109095 0 4411 0.361262 0.380346 26 30
204 303109095 0 4410 0.360815 0.380169 30 28
205 303109095 0 4410 0.36004 0.379809 42 32
206 303109095 0 4409 0.359497 0.379609 31 25
207 303109095 0 4411 0.358793 0.379235 39 27
208 303109095 0 4411 0.358508 0.378777 34 24
209 303109095 0 4410 0.358346 0.378677 34 32
210 303109095 0 4411 0.358434 0.378666 30 22
211 303109095 0 4411 0.357385 0.377684 41 24
212 303109095 0 4410 0.357222 0.377863 44 47
213 303109095 0 4387 0.36543 0.384419 38 260
214 303109095 0 4315 0.394812 0.413584 30 865
215 303109095 0 4136 0.436299 0.454044 37 1413
216 303109095 0 3975 0.463601 0.478466 24 943
217 303109095 0 3934 0.466295 0.480176 46 214
218 303109095 0 3930 0.466482 0.48078 30 47
219 303109095 0 3928 0.466159 0.48048 26 24
220 303109095 0 3928 0.465369 0.479343 36 21
221 303109095 0 3926 0.464942 0.478858 29 16
222 303109095 0 3926 0.465581 0.478959 26 35
223 303109095 0 3926 0.465607 0.478999 29 27
224 303109095 0 3925 0.464034 0.47779 43 26
225 303109095 0 3924 0.463217 0.476965 36 22
226 303109095 0 3921 0.462894 0.47602 35 32
227 303109095 0 3922 0.462846 0.475816 41 36
228 303109095 0 3919 0.463809 0.475941 33 50
229 303109095 0 3920 0.465152 0.477615 39 74
230 303109095 0 3912 0.468676 0.481461 40 136
231 303109095 0 3875 0.474821 0.488331 32 268
232 303109095 0 3821 0.484649 0.498031 22 354
233 303109095 0 3758 0.497595 0.510698 31 423
234 303109095 0 3683 0.502979 0.515576 45 326
235 303109095 0 3609 0.508501 0.519753 28 271
236 303109095 0 3577 0.509824 0.519813 37 126
237 303109095 0 3559 0.510026 0.520726 34 79
238 303109095 0 3558 0.508418 0.519688 37 21
239 303109095 0 3556 0.506573 0.518581 45 25
240 303109095 0 3555 0.505424 0.518139 39 22
241 303109095 0 3555 0.504749 0.516902 38 18
242 303109095 0 3555 0.50509 0.517466 23 25
243 303109095 0 3553 0.504717 0.517055 25 20
244 303109095 0 3552 0.504313 0.516438 25 24
245 303109095 0 3552 0.504057 0.515509 30 18
246 303109095 0 3552 0.504032 0.514968 29 28
247 303109095 0 3550 0.5031 0.513923 32 16
248 303109095 0 3550 0.50199 0.512835 38 14
249 303109095 0 3549 0.501714 0.512328 39 26
250 303109095 0 3549 0.501315 0.511868 35 24
251 303109095 0 3549 0.500641 0.511126 38 19
252 303109095 0 3552 0.499075 0.509882 39 12
253 303109095 0 3553 0.497992 0.508504 42 19
254 303109095 0 3553 0.498237 0.508566 33 28
255 303109095 0 3553 0.496947 0.50756 38 18
256 303109095 0 3551 0.496478 0.507319 24 22
257 303109095 0 3551 0.495467 0.506213 37 19
258 303109095 0 3550 0.4943 0.505548 32 20
259 303109095 0 3547 0.493714 0.504633 31 26
260 303109095 0 3540 0.493432 0.504447 26 36
261 303109095 0 3513 0.493186 0.503053 45 87
262 303109095 0 3453 0.493118 0.502815 35 196
263 303109095 0 3363 0.496941 0.5072 40 310
264 303109095 0 3195 0.496145 0.508074 40 446
265 303109095 0 2995 0.493678 0.505837 29 490
266 303109095 0 2775 0.484707 0.494884 39 457
267 303109095 0 2605 0.472526 0.481119 42 313
268 303109095 0 2510 0.461834 0.472547 41 174
269 303109095 0 2462 0.456825 0.46667 38 97
270 303109095 0 2444 0.454411 0.464088 31 44
271 303109095 0 2440 0.45403 0.463721 30 30
272 303109095 0 2440 0.45273 0.463187 22 16
273 303109095 0 2438 0.452053 0.461621 29 23
274 303109095 0 2436 0.450501 0.460344 35 21
275 303109095 0 2437 0.448837 0.458845 44 19
276 303109095 0 2437 0.449005 0.458614 29 31
277 303109095 0 2436 0.447987 0.456855 35 21
278 303109095 0 2435 0.446628 0.456745 32 25
279 303109095 0 2435 0.446226 0.456423 34 25
280 303109095 0 2436 0.445079 0.454551 36 13
281 303109095 0 2434 0.444115 0.453499 28 20
282 303109095 0 2431 0.443102 0.452443 31 23
283 303109095 0 4017 0.10878 0.138881 10789 20
284 303109095 0 4017 0.113834 0.14465 22 143
285 303109095 0 4017 0.123448 0.153248 30 225
286 303109095 0 4017 0.131881 0.160959 28 196
287 303109095 0 4016 0.139193 0.167712 37 177
288 303109095 0 4015 0.145324 0.174047 30 158
289 303109095 0 4013 0.152327 0.181279 34 184
290 303109095 0 4011 0.163112 0.190092 33 241
291 303109095 0 4009 0.182337 0.207163 30 414
292 303109095 0 4001 0.216191 0.241172 25 744
293 303109095 0 3982 0.254584 0.278844 36 849
294 303109095 0 3959 0.27588 0.29838 32 515
295 303109095 0 3956 0.280376 0.303273 26 138
296 303109095 0 3955 0.283343 0.306104 31 91
297 303109095 0 3954 0.285553 0.308564 36 83
298 303109095 0 3951 0.287937 0.310346 39 90
299 303109095 0 3950 0.289806 0.313246 35 84
300 303109095 0 3946 0.291001 0.314119 34 66
301 303109095 0 3945 0.294067 0.316616 31 79
302 303109095 0 3943 0.295269 0.317158 29 54
303 303109095 0 3940 0.296613 0.319147 28 77
304 303109095 0 3940 0.297534 0.320203 30 45
305 303109095 0 3937 0.297842 0.320392 32 41
306 303109095 0 3938 0.298834 0.320626 38 52
307 303109095 0 3936 0.298212 0.320443 37 38
308 303109095 0 3934 0.298997 0.321263 31 54
309 303109095 0 3932 0.298371 0.32119 30 33
310 303109095 0 3930 0.298434 0.32219 30 47
311 303109095 0 3928 0.298787 0.322121 31 41
312 303109095 0 3928 0.298717 0.322237 33 33
313 303109095 0 3928 0.298822 0.322132 38 38
314 303109095 0 3926 0.299445 0.322136 24 38
315 303109095 0 3927 0.29859 0.321972 32 23
316 303109095 0 3926 0.297451 0.321259 38 27
317 303109095 0 3927 0.297503 0.321194 35 34
318 303109095 0 3927 0.297293 0.321158 32 25
319 303109095 0 3925 0.296828 0.320007 31 23
320 303109095 0 3925 0.29693 0.320708 31 44
321 303109095 0 3924 0.296588 0.320397 34 30
322 303109095 0 3924 0.296577 0.320544 31 30
323 303109095 0 3924 0.29651 0.320288 28 29
324 303109095 0 3924 0.296147 0.319415 35 32
325 303109095 0 3923 0.295479 0.319389 32 27
326 303109095 0 3923 0.29419 0.318648 37 17
327 303109095 0 3925 0.293979 0.318826 37 33
328 303109095 0 3923 0.294038 0.318293 34 35
329 303109095 0 3923 0.293048 0.318313 34 25
330 303109095 0 3923 0.294115 0.319216 29 49
331 303109095 0 3914 0.304479 0.329543 34 243
332 303109095 0 3870 0.334311 0.359578 27 785
333 303109095 0 3756 0.382198 0.402867 29 1238
334 303109095 0 3642 0.405851 0.426291 27 778
335 303109095 0 3616 0.412985 0.433517 32 227
336 303109095 0 3612 0.414236 0.433925 34 53
337 303109095 0 3608 0.412993 0.432568 31 23
338 303109095 0 3607 0.412107 0.431339 39 20
339 303109095 0 3606 0.412114 0.431815 30 33
340 303109095 0 3605 0.411684 0.431295 37 31
341 303109095 0 3604 0.410909 0.430451 37 20
342 303109095 0 3604 0.410405 0.429846 34 22
343 303109095 0 3602 0.409729 0.429412 30 31
344 303109095 0 3602 0.408993 0.428439 33 24
345 303109095 0 3601 0.408701 0.427473 35 18
346 303109095 0 3601 0.407703 0.426999 34 19
347 303109095 0 3601 0.407181 0.426686 33 25
348 303109095 0 3600 0.40699 0.426359 26 24
349 303109095 0 3600 0.407495 0.426744 25 30
350 303109095 0 3600 0.407364 0.426434 36 26
351 303109095 0 3600 0.407453 0.426572 28 25
352 303109095 0 3600 0.406365 0.426148 32 23
353 303109095 0 3597 0.404532 0.42386 42 20
354 303109095 0 3597 0.403994 0.423532 35 23
355 303109095 0 3597 0.403465 0.423161 33 20
356 303109095 0 3596 0.402047 0.421961 42 25
357 303109095 0 3597 0.402297 0.422427 36 33
358 303109095 0 3597 0.401459 0.422324 31 23
359 303109095 0 3598 0.401315 0.42206 32 25
360 303109095 0 3597 0.401002 0.421553 27 24
361 303109095 0 3596 0.400799 0.420964 32 22
362 303109095 0 3595 0.400319 0.419414 36 25
363 303109095 0 3594 0.399581 0.418509 32 22
364 303109095 0 3593 0.399139 0.417838 36 28
365 303109095 0 3592 0.398504 0.417237 34 24
366 303109095 0 3592 0.398466 0.417162 34 29
367 303109095 0 3591 0.398446 0.416806 28 31
368 303109095 0 3589 0.397694 0.416542 29 28
369 303109095 0 3589 0.397124 0.415908 33 24
370 303109095 0 3588 0.396406 0.415281 30 28
371 303109095 0 3589 0.395946 0.415168 33 26
372 303109095 0 3588 0.395704 0.41443 36 24
373 303109095 0 3589 0.394976 0.413884 35 19
374 303109095 0 3587 0.394083 0.413126 34 24
375 303109095 0 3586 0.393551 0.412857 32 20
376 303109095 0 3586 0.39319 0.412656 29 21
377 303109095 0 3586 0.392057 0.412141 36 21
378 303109095 0 3583 0.391841 0.411719 32 34
379 303109095 0 3576 0.393726 0.413407 31 77
380 303109095 0 3547 0.396806 0.415521 34 166
381 303109095 0 3501 0.401189 0.420639 25 243
382 303109095 0 3418 0.409613 0.427848 36 397
383 303109095 0 3311 0.414947 0.434004 37 446
384 303109095 0 3200 0.414456 0.435037 39 370
385 303109095 0 3088 0.41095 0.431282 30 306
386 303109095 0 3026 0.410918 0.429265 32 176
387 303109095 0 3007 0.411902 0.429665 22 81
388 303109095 0 2997 0.411425 0.428753 29 43
389 303109095 0 2993 0.410888 0.428281 28 32
390 303109095 0 2991 0.410344 0.428058 35 29
391 303109095 0 2989 0.409523 0.427432 28 20
392 303109095 0 2990 0.4088 0.426275 35 19
393 303109095 0 2989 0.408239 0.425194 38 24
394 303109095 0 2986 0.406781 0.423863 39 27
395 303109095 0 2987 0.407006 0.423528 28 23
396 303109095 0 2981 0.405895 0.422447 23 27
397 303109095 0 2977 0.405453 0.421958 29 37
398 303109095 0 2975 0.404878 0.421702 29 30
399 303109095 0 2975 0.403259 0.420627 36 18
400 303109095 0 2974 0.402577 0.419488 37 19
401 303109095 0 2972 0.402427 0.419623 28 36
402 303109095 0 2972 0.400476 0.418679 38 21
403 303109095 0 2971 0.399486 0.417816 36 22
404 303109095 0 2972 0.398595 0.41757 34 29
405 303109095 0 2971 0.397687 0.416579 33 23
406 303109095 0 2971 0.396457 0.415331 44 26
407 303109095 0 2970 0.395415 0.414711 31 24
408 303109095 0 2968 0.394343 0.414332 32 26
409 303109095 0 2966 0.394393 0.413909 30 28
410 303109095 0 2966 0.393187 0.412787 31 17
411 303109095 0 2964 0.392014 0.412337 38 32
412 303109095 0 2962 0.391135 0.411391 33 23
413 303109095 0 2963 0.390677 0.410536 35 28
414 303109095 0 2961 0.389495 0.40959 34 19
415 303109095 0 2962 0.389257 0.409043 38 28
416 303109095 0 2959 0.389365 0.408836 30 25
417 303109095 0 2957 0.38865 0.408094 35 31
418 303109095 0 2957 0.388424 0.407036 37 28
419 303109095 0 2958 0.387177 0.405569 39 19
420 303109095 0 2958 0.38671 0.405382 33 24
421 303109095 0 2957 0.385381 0.403867 39 18
422 303109095 0 4307 0.075253 0.108964 10568 22
423 303109095 0 4307 0.079245 0.112283 40 119
424 303109095 0 4307 0.0879351 0.120152 26 213
425 303109095 0 4307 0.0950869 0.126426 41 188
426 303109095 0 4307 0.103401 0.135093 33 202
427 303109095 0 4307 0.109764 0.140856 19 152
428 303109095 0 4307 0.116804 0.147 40 189
429 303109095 0 4306 0.127592 0.156051 31 243
430 303109095 0 4303 0.143742 0.17202 36 403
431 303109095 0 4302 0.174714 0.201143 22 707
432 303109095 0 4287 0.210303 0.236512 28 849
433 303109095 0 4277 0.231634 0.257119 24 501
434 303109095 0 4273 0.235305 0.260595 27 128
435 303109095 0 4272 0.237117 0.26254 39 87
436 303109095 0 4270 0.240205 0.265338 31 96
437 303109095 0 4266 0.240477 0.266173 32 62
438 303109095 0 4266 0.241745 0.267036 41 61
439 303109095 0 4266 0.243146 0.268388 32 63
440 303109095 0 4266 0.244812 0.269678 26 55
441 303109095 0 4265 0.245775 0.270166 35 63
442 303109095 0 4264 0.246899 0.271173 27 50
443 303109095 0 4263 0.248019 0.272141 38 62
444 303109095 0 4262 0.248886 0.273465 31 58
445 303109095 0 4260 0.24907 0.273365 36 44
446 303109095 0 4259 0.250111 0.274436 35 60
447 303109095 0 4257 0.25029 0.274707 32 45
448 303109095 0 4258 0.251234 0.275259 25 41
449 303109095 0 4257 0.251742 0.275614 28 42
450 303109095 0 4255 0.251857 0.276038 38 46
451 303109095 0 4255 0.252176 0.27618 32 44
452 303109095 0 4255 0.251609 0.276125 37 36
453 303109095 0 4254 0.252107 0.276242 32 41
454 303109095 0 4254 0.252433 0.276629 26 35
455 303109095 0 4253 0.251826 0.276273 39 31
456 303109095 0 4253 0.252036 0.276108 31 35
457 303109095 0 4255 0.252033 0.275911 28 30
458 303109095 0 4255 0.252399 0.276213 25 30
459 303109095 0 4255 0.252028 0.275881 29 24
460 303109095 0 4255 0.25162 0.27532 32 23
461 303109095 0 4253 0.251329 0.274437 30 26
462 303109095 0 4252 0.251233 0.27453 32 38
463 303109095 0 4252 0.250828 0.274848 31 28
464 303109095 0 4252 0.251061 0.274808 30 34
465 303109095 0 4253 0.251147 0.274838 31 33
466 303109095 0 4251 0.251566 0.274944 24 33
467 303109095 0 4250 0.251359 0.274885 29 29
468 303109095 0 4250 0.251735 0.275306 22 27
469 303109095 0 4248 0.252086 0.275635 33 51
470 303109095 0 4237 0.259834 0.282049 28 222
471 303109095 0 4193 0.290784 0.31357 25 809
472 303109095 0 4095 0.33412 0.355271 26 1264
473 303109095 0 3999 0.355714 0.374299 37 730
474 303109095 0 3963 0.361633 0.379913 28 235
475 303109095 0 3956 0.361782 0.379833 26 49
476 303109095 0 3956 0.361551 0.379511 35 29
477 303109095 0 3955 0.361494 0.378533 26 25
478 303109095 0 3953 0.360142 0.377227 41 20
479 303109095 0 3952 0.359854 0.376441 30 25
480 303109095 0 3952 0.360456 0.376494 27 24
481 303109095 0 3952 0.359914 0.376068 28 20
482 303109095 0 3953 0.359011 0.375555 38 28
483 303109095 0 3954 0.358387 0.375049 31 20
484 303109095 0 3953 0.35795 0.375016 23 25
485 303109095 0 3952 0.357985 0.37532 36 39
486 303109095 0 3952 0.356788 0.375019 37 18
487 303109095 0 3952 0.356923 0.374471 31 27
488 303109095 0 3951 0.356209 0.373435 44 29
489 303109095 0 3951 0.355731 0.373196 25 20
490 303109095 0 3951 0.35475 0.372469 46 27
491 303109095 0 3949 0.354711 0.372278 27 22
492 303109095 0 3949 0.353927 0.371924 29 25
493 303109095 0 3947 0.353822 0.371879 31 31
494 303109095 0 3946 0.353306 0.370875 35 23
495 303109095 0 3946 0.352791 0.370672 36 23
496 303109095 0 3947 0.352909 0.370175 33 26
497 303109095 0 3948 0.352778 0.370264 31 31
498 303109095 0 3949 0.351477 0.369776 38 26
499 303109095 0 3949 0.350855 0.369462 28 20
500 303109095 0 3950 0.350782 0.36966 31 30
501 303109095 0 3950 0.349732 0.368704 39 24
502 303109095 0 3950 0.349367 0.368173 41 33
503 303109095 0 3950 0.349619 0.36803 24 29
504 303109095 0 3949 0.348692 0.367104 36 25
505 303109095 0 3951 0.348196 0.366894 32 21
506 303109095 0 3949 0.34781 0.366662 33 30
507 303109095 0 3948 0.348096 0.367125 29 35
508 303109095 0 3947 0.347827 0.366649 40 30
509 303109095 0 3946 0.347977 0.366398 27 25
510 303109095 0 3946 0.348282 0.366654 25 32
511 303109095 0 3946 0.348422 0.366827 35 23
512 303109095 0 3946 0.34786 0.3663 34 19
513 303109095 0 3946 0.347635 0.365804 34 22
514 303109095 0 3942 0.347272 0.364918 37 28
515 303109095 0 3943 0.346488 0.363867 42 23
516 303109095 0 3940 0.346245 0.363253 27 27
517 303109095 0 3938 0.34684 0.363458 24 41
518 303109095 0 3928 0.348328 0.364282 34 89
519 303109095 0 3907 0.353298 0.368877 29 182
520 303109095 0 3837 0.357228 0.373139 25 293
521 303109095 0 3760 0.362246 0.378742 24 386
522 303109095 0 3653 0.366654 0.381753 33 426
523 303109095 0 3546 0.366848 0.382121 39 378
524 303109095 0 3455 0.367248 0.382643 28 312
525 303109095 0 3404 0.366076 0.379916 36 167
526 303109095 0 3386 0.365682 0.379745 23 76
527 303109095 0 3370 0.363737 0.377644 31 55
528 303109095 0 3369 0.363949 0.378364 31 30
529 303109095 0 3365 0.362491 0.376975 30 20
530 303109095 0 3361 0.361542 0.376629 31 33
531 303109095 0 3359 0.362123 0.376879 19 25
532 303109095 0 3356 0.360975 0.376119 26 24
533 303109095 0 3356 0.360059 0.375821 27 30
534 303109095 0 3356 0.358964 0.374369 34 17
535 303109095 0 3355 0.357844 0.37325 33 20
536 303109095 0 3355 0.358498 0.373536 30 32
537 303109095 0 3356 0.358163 0.372862 35 24
538 303109095 0 3355 0.35838 0.372483 29 32
539 303109095 0 3354 0.357666 0.372109 29 18
540 303109095 0 3354 0.357415 0.371937 36 28
541 303109095 0 3352 0.356606 0.371884 31 25
542 303109095 0 3352 0.356691 0.371893 24 24
543 303109095 0 3349 0.356104 0.370906 33 31
544 303109095 0 3348 0.35605 0.370568 29 30
545 303109095 0 3345 0.355058 0.36983 32 23
546 303109095 0 3342 0.353776 0.368179 39 20
547 303109095 0 3343 0.353717 0.36823 29 33
548 303109095 0 3347 0.35316 0.3676 35 22
549 303109095 0 3347 0.353264 0.366988 28 19
550 303109095 0 3346 0.353209 0.366534 29 31
551 303109095 0 3343 0.352662 0.365713 37 24
552 303109095 0 3342 0.352668 0.365808 28 30
553 303109095 0 3344 0.351854 0.364886 42 20
554 303109095 0 3343 0.350226 0.363714 40 22
555 303109095 0 3344 0.350019 0.363153 27 22
556 303109095 0 3344 0.349282 0.362599 29 22
557 303109095 0 3345 0.349384 0.362314 27 32
558 303109095 0 3345 0.350095 0.362385 19 22
559 303109095 0 3343 0.35032 0.362349 32 33
560 303109095 0 3343 0.349851 0.362027 25 23
561 303109095 0 3341 0.349259 0.361038 29 27
562 303109095 0 3339 0.349391 0.360486 27 27
563 303109095 0 3334 0.34806 0.358982 39 26
564 303109095 0 3334 0.348146 0.359294 35 31
565 303109095 0 3333 0.347723 0.358486 32 26
566 303109095 0 3332 0.347031 0.357515 32 21
567 303109095 0 3330 0.346754 0.357222 32 20
568 303109095 0 3334 0.34644 0.357356 31 23
569 303109095 0 3334 0.345833 0.357088 24 19
570 303109095 0 3332 0.345458 0.356693 25 25
571 303109095 0 3333 0.344115 0.355711 41 24
572 303109095 0 3333 0.344124 0.355606 30 26
573 303109095 0 3329 0.342523 0.354001 39 25
574 303109095 0 3327 0.341551 0.352862 32 21
575 303109095 0 3327 0.340719 0.351607 32 17
576 303109095 0 3327 0.34099 0.351991 27 32
577 303109095 0 3326 0.339176 0.350073 40 21
578 303109095 0 3326 0.338233 0.348754 39 22
579 303109095 0 3325 0.337597 0.348553 31 29
580 303109095 0 3325 0.338168 0.348686 24 33
581 303109095 0 3326 0.33732 0.347785 38 23
582 303109095 0 3326 0.3358 0.346482 41 17
583 303109095 0 3326 0.336494 0.346568 19 29
584 303109095 0 3326 0.336446 0.346396 32 26
585 303109095 0 3327 0.33492 0.345485 36 15
586 303109095 0 3325 0.334162 0.34533 33 30
587 303109095 0 3325 0.33324 0.344654 34 20
588 303109095 0 3326 0.332861 0.344955 34 31
589 303109095 0 3326 0.332626 0.344967 29 32
590 303109095 0 3326 0.332838 0.345427 26 33
591 303109095 0 3325 0.333188 0.345947 30 36
592 303109095 0 3325 0.332178 0.345639 33 25
593 303109095 0 3326 0.331542 0.345724 33 26
594 303109095 0 3324 0.330964 0.345119 36 29
595 303109095 0 3324 0.331085 0.345657 18 31
596 303109095 0 3322 0.330008 0.344955 35 23
597 303109095 0 3322 0.329697 0.344889 25 20
598 303109095 0 3323 0.328978 0.344473 27 18
599 303109095 0 3322 0.328216 0.34406 37 31
600 303109095 0 3321 0.327531 0.343813 35 26
601 303109095 0 3322 0.327642 0.343707 28 30
602 303109095 0 3323 0.327317 0.343417 33 36
603 303109095 0 3322 0.326692 0.342409 37 27
604 303109095 0 3319 0.325807 0.342377 23 19
605 303109095 0 3318 0.325246 0.341576 31 24
606 303109095 0 3320 0.324728 0.341212 30 27
607 303109095 0 3323 0.324388 0.341293 25 21
608 303109095 0 3324 0.324512 0.340707 33 28
609 303109095 0 3322 0.324047 0.339739 31 23
610 303109095 0 3324 0.323439 0.339432 32 23
611 303109095 0 3324 0.324445 0.339773 25 36
612 303109095 0 3325 0.324513 0.340269 22 24
613 303109095 0 3323 0.32384 0.34005 30 25
614 303109095 0 3321 0.323285 0.339101 33 27
615 303109095 0 3319 0.322181 0.33803 36 31
616 303109095 0 3318 0.32172 0.337564 29 19
617 303109095 0 3316 0.321487 0.337322 33 29
618 303109095 0 3315 0.320591 0.33667 34 24
619 303109095 0 3314 0.320258 0.335585 28 22
620 303109095 0 3310 0.319213 0.334613 33 27
621 303109095 0 3308 0.31825 0.33384 45 34
622 303109095 0 3306 0.317207 0.333417 37 31
623 303109095 0 3304 0.316525 0.333361 38 33
624 303109095 0 3307 0.316093 0.332812 36 25
625 303109095 0 3306 0.317089 0.333237 25 35
626 303109095 0 3306 0.317206 0.333351 35 33
627 303109095 0 3306 0.316942 0.332855 30 23
628 303109095 0 3307 0.316821 0.332366 33 23
629 303109095 0 3309 0.316209 0.332286 37 23
630 303109095 0 3308 0.316612 0.332715 20 31
631 303109095 0 3310 0.316142 0.332714 37 31
632 303109095 0 3311 0.315497 0.332366 30 26
633 303109095 0 3311 0.315653 0.332079 32 27
634 303109095 0 3312 0.315149 0.331309 32 30
635 303109095 0 3308 0.314484 0.330869 33 37
636 303109095 0 3311 0.314717 0.331152 20 22
637 303109095 0 3313 0.315053 0.331182 24 24
638 303109095 0 3312 0.314636 0.331172 22 22
639 303109095 0 3312 0.314062 0.33129 29 27
640 303109095 0 3309 0.313656 0.330337 27 21
641 303109095 0 3309 0.312165 0.328942 41 19
642 303109095 0 3310 0.311791 0.32872 32 23
643 303109095 0 3308 0.312044 0.327396 29 25
644 303109095 0 3308 0.310942 0.326765 34 21
645 303109095 0 3305 0.311023 0.326445 20 29
646 303109095 0 3306 0.311498 0.327136 29 33
647 303109095 0 3312 0.312091 0.328528 32 31
648 303109095 0 3312 0.311083 0.32739 37 17
649 303109095 0 3311 0.311296 0.327462 32 35
650 303109095 0 3312 0.310435 0.32725 33 22
651 303109095 0 3314 0.309305 0.326306 32 18
652 303109095 0 3314 0.309134 0.326663 21 22
653 303109095 0 3311 0.307885 0.325558 32 25
654 303109095 0 3313 0.30722 0.325135 34 18
655 303109095 0 3311 0.306454 0.324345 31 22
656 303109095 0 3311 0.305821 0.323964 31 20
657 303109095 0 3310 0.305515 0.323367 28 22
658 303109095 0 3312 0.305092 0.323399 33 27
659 303109095 0 3312 0.304321 0.322539 38 27
660 303109095 0 3311 0.303333 0.32141 38 20
661 303109095 0 3311 0.303075 0.321416 19 31
662 303109095 0 3309 0.302883 0.320871 26 22
663 303109095 0 3311 0.302311 0.320222 31 22
664 303109095 0 3312 0.303211 0.320624 32 39
665 303109095 0 3312 0.302659 0.320656 35 26
666 303109095 0 3310 0.301928 0.319834 34 29
667 303109095 0 3310 0.301731 0.319538 25 23
668 303109095 0 3311 0.30179 0.319914 28 34
669 303109095 0 3308 0.302134 0.319913 19 36
670 303109095 0 3306 0.300727 0.318535 36 25
671 303109095 0 3308 0.300481 0.318629 30 19
672 303109095 0 3306 0.299598 0.317383 31 20
673 303109095 0 3306 0.298891 0.316661 30 22
674 303109095 0 3306 0.298508 0.315953 41 27
675 303109095 0 3303 0.297633 0.314594 28 25
676 303109095 0 3304 0.297038 0.313969 30 18
677 303109095 0 3305 0.296894 0.313832 32 27
678 303109095 0 3307 0.295976 0.312954 38 25
679 303109095 0 3306 0.296109 0.313014 31 36
680 303109095 0 3306 0.29556 0.312923 27 16
681 303109095 0 3305 0.295322 0.312338 30 23
682 303109095 0 3304 0.294906 0.311524 31 22
683 303109095 0 3303 0.294851 0.311587 26 30
684 303109095 0 3301 0.294663 0.311771 33 32
685 303109095 0 3302 0.294453 0.311304 21 13
686 303109095 0 3301 0.293521 0.310897 36 28
687 303109095 0 3300 0.292833 0.309606 38 23
688 303109095 0 3299 0.291608 0.308645 35 23
689 303109095 0 3301 0.291252 0.308025 40 27
690 303109095 0 3302 0.291939 0.308373 28 29
691 303109095 0 3297 0.291177 0.307139 27 30
692 303109095 0 3295 0.291754 0.307319 26 35
693 303109095 0 3297 0.291524 0.307246 34 32
694 303109095 0 3297 0.291268 0.306865 24 18
695 303109095 0 3298 0.291167 0.306194 34 23
696 303109095 0 3297 0.290114 0.305872 32 27
697 303109095 0 3299 0.290425 0.305869 27 25
698 303109095 0 3297 0.290108 0.305359 31 28
699 303109095 0 3297 0.289931 0.304726 36 29
700 303109095 0 3297 0.290112 0.304387 38 35
701 303109095 0 3295 0.28922 0.303315 42 30
702 303109095 0 3297 0.289228 0.303366 36 37
703 303109095 0 3298 0.288734 0.30313 32 20
704 303109095 0 3298 0.2878 0.302733 37 30
705 303109095 0 3296 0.287541 0.301843 34 35
706 303109095 0 3296 0.287013 0.300981 36 31
707 303109095 0 3295 0.286804 0.300525 32 27
708 303109095 0 3295 0.286478 0.30053 23 23
709 303109095 0 3295 0.285756 0.299797 36 25
710 303109095 0 3294 0.284935 0.299518 34 36
711 303109095 0 3292 0.285127 0.299574 26 37
712 303109095 0 3293 0.284637 0.299954 32 25
713 303109095 0 3295 0.283996 0.300036 34 23
714 303109095 0 3294 0.283088 0.299117 32 21
715 303109095 0 3291 0.282923 0.299072 28 27
716 303109095 0 3292 0.282507 0.298311 29 25
717 303109095 0 3291 0.282646 0.298684 29 34
718 303109095 0 3288 0.28217 0.29834 28 30
719 303109095 0 3289 0.281974 0.298806 24 26
720 303109095 0 3289 0.282087 0.298571 32 28
721 303109095 0 3289 0.282174 0.298912 21 22
722 303109095 0 3289 0.281225 0.29896 31 34
723 303109095 0 3286 0.281082 0.298436 39 40
724 303109095 0 3286 0.28066 0.297709 34 30
725 303109095 0 3284 0.279635 0.297153 28 31
726 303109095 0 3282 0.27959 0.296585 27 26
727 303109095 0 3282 0.278963 0.296069 35 28
728 303109095 0 3282 0.278657 0.296106 33 30
729 303109095 0 3282 0.278165 0.295848 30 19
730 303109095 0 3281 0.277671 0.294711 30 28
731 303109095 0 3281 0.278504 0.294664 27 30
732 303109095 0 3278 0.278075 0.294659 16 23
733 303109095 0 3275 0.277225 0.293966 35 28
734 303109095 0 3276 0.276353 0.29388 33 19
735 303109095 0 3276 0.276583 0.293781 28 26
736 303109095 0 3274 0.27609 0.293207 27 24
737 303109095 0 3275 0.276428 0.293775 24 34
738 303109095 0 3275 0.275294 0.293096 38 31
739 303109095 0 3274 0.274746 0.292601 29 30
740 303109095 0 3274 0.274687 0.292729 30 31
741 303109095 0 3276 0.273976 0.292062 38 25
742 303109095 0 3275 0.274267 0.292124 28 28
743 303109095 0 3275 0.273662 0.291555 35 24
744 303109095 0 3274 0.273674 0.290812 28 24
745 303109095 0 3274 0.272179 0.290818 35 28
746 303109095 0 3276 0.272009 0.290766 35 31
747 303109095 0 3276 0.271954 0.290831 32 29
748 303109095 0 3278 0.271921 0.290637 31 26
749 303109095 0 3277 0.270916 0.290237 31 25
750 303109095 0 3279 0.270492 0.289756 36 28
751 303109095 0 3281 0.270691 0.289592 32 25
752 303109095 0 3280 0.270297 0.289279 29 24
753 303109095 0 3280 0.269383 0.289092 34 27
754 303109095 0 3275 0.268802 0.288529 29 30
755 303109095 0 3277 0.269527 0.289042 31 30
756 303109095 0 3277 0.269662 0.290114 25 30
757 303109095 0 3275 0.269267 0.289158 33 24
758 303109095 0 3273 0.269293 0.289421 26 29
759 303109095 0 3272 0.269148 0.288787 28 25
760 303109095 0 3270 0.269272 0.287787 29 32
761 303109095 0 3270 0.269658 0.28797 28 31
762 303109095 0 3273 0.268382 0.287962 35 24
763 303109095 0 3275 0.267534 0.28816 32 24
764 303109095 0 3273 0.267304 0.28779 29 32
765 303109095 0 3269 0.267245 0.287347 25 28
766 303109095 0 3269 0.267094 0.287111 27 23
767 303109095 0 3268 0.266352 0.287629 33 40
768 303109095 0 3268 0.266116 0.287538 26 26
769 303109095 0 3267 0.26569 0.286815 26 26
770 303109095 0 3269 0.265269 0.286625 31 27
771 303109095 0 3267 0.265683 0.285784 30 30
772 303109095 0 3265 0.265877 0.28567 24 28
773 303109095 0 3264 0.266397 0.28624 25 30
774 303109095 0 3262 0.265528 0.285152 35 31
775 303109095 0 3263 0.265041 0.284987 29 26
776 303109095 0 3263 0.265077 0.284785 28 25
777 306296706 3187611 4596 0.0690314 0.0923031 9296 35
778 306509928 213222 4598 0.0738413 0.0965251 27 119
779 306550612 40684 4599 0.0800109 0.103181 33 180
780 306550612 0 4599 0.0875223 0.10925 25 177
781 306550612 0 4599 0.0920659 0.114531 29 150
782 306550612 0 4599 0.0975985 0.11915 31 155
783 306550612 0 4599 0.102958 0.125021 30 162
784 306550612 0 4597 0.11036 0.133315 34 216
785 306550612 0 4596 0.123309 0.145 29 330
786 306550612 0 4586 0.14881 0.169005 32 632
787 306550612 0 4571 0.177178 0.196194 22 721
788 306550612 0 4564 0.193345 0.210497 22 404
789 306550612 0 4562 0.196588 0.213879 31 114
790 306550612 0 4560 0.19966 0.216112 25 87
791 306550612 0 4559 0.201947 0.218956 22 89
792 306550612 0 4558 0.204111 0.221014 32 83
793 306550612 0 4554 0.205715 0.222323 32 83
794 306550612 0 4552 0.207241 0.223869 34 77
795 306550612 0 4550 0.208669 0.225278 31 60
796 306550612 0 4550 0.209946 0.226897 27 60
797 306550612 0 4549 0.210314 0.227226 31 53
798 306550612 0 4549 0.211052 0.227446 38 49
799 306550612 0 4549 0.212133 0.228353 32 49
800 306550612 0 4549 0.212544 0.229333 35 50
801 306550612 0 4547 0.213063 0.229662 24 51
802 306550612 0 4546 0.21406 0.230434 28 56
803 306550612 0 4545 0.214467 0.231137 28 41
804 306550612 0 4545 0.216003 0.232253 29 55
805 306550612 0 4545 0.216492 0.232572 26 38
806 306550612 0 4544 0.216244 0.232761 36 37
807 306550612 0 4544 0.216721 0.233742 29 45
808 306550612 0 4544 0.217419 0.234496 28 44
809 306550612 0 4543 0.21751 0.234747 28 42
810 306550612 0 4542 0.218061 0.23463 24 31
811 306550612 0 4542 0.218125 0.233815 39 30
812 306550612 0 4542 0.217585 0.233602 38 29
813 306550612 0 4542 0.217879 0.233856 28 32
814 306550612 0 4542 0.217355 0.233266 35 27
815 306550612 0 4542 0.217599 0.233392 28 35
816 306550612 0 4542 0.216857 0.233368 35 36
817 306550612 0 4542 0.21761 0.233358 25 27
818 306550612 0 4542 0.217729 0.233146 28 27
819 306550612 0 4542 0.217776 0.233384 32 30
820 306550612 0 4542 0.217776 0.233291 34 30
821 306550612 0 4542 0.217345 0.232966 30 19
822 306550612 0 4542 0.217717 0.232792 36 31
823 306550612 0 4542 0.218488 0.233374 19 27
824 306550612 0 4541 0.218716 0.233654 31 44
825 306550612 0 4524 0.224504 0.239964 21 211
826 306550612 0 4479 0.249118 0.263336 24 723
827 306550612 0 4356 0.27884 0.292697 32 1095
828 306550612 0 4253 0.292463 0.306299 28 662
829 306550612 0 4217 0.296405 0.310122 36 236
830 306550612 0 4214 0.296378 0.31066 33 59
831 306550612 0 4213 0.296623 0.310896 27 31
832 306550612 0 4212 0.29604 0.310801 29 29
833 306550612 0 4212 0.295681 0.309737 39 25
834 306550612 0 4211 0.295947 0.309644 26 32
835 306550612 0 4212 0.295094 0.309078 35 19
836 306550612 0 4212 0.295011 0.309053 31 32
837 334961423 28410811 5015 0.0592905 0.0875809 8506 32
838 335018484 57061 5016 0.0627379 0.0910365 29 109
839 335059168 40684 5017 0.0698496 0.0973029 25 200
840 335130829 71661 5017 0.0761311 0.102942 31 163
841 335222287 91458 5017 0.0813635 0.108614 30 150
842 335222287 0 5016 0.0860501 0.112811 26 140
843 335222287 0 5016 0.0907623 0.118149 35 171
844 335222287 0 5014 0.0974044 0.125345 33 211
845 335222287 0 5010 0.107874 0.135615 32 329
846 335222287 0 5009 0.129278 0.15598 33 558
847 335222287 0 5000 0.154702 0.18068 27 706
848 335222287 0 4993 0.167652 0.19278 36 393
849 335222287 0 4992 0.172343 0.197361 33 141
850 335222287 0 4992 0.173719 0.198935 27 78
851 335222287 0 4991 0.174845 0.200723 33 79
852 335222287 0 4989 0.176679 0.201987 28 76
853 335222287 0 4988 0.178366 0.202688 33 69
854 335222287 0 4986 0.179569 0.203646 36 68
855 335222287 0 4986 0.180816 0.205184 35 61
856 335222287 0 4986 0.182393 0.207271 26 69
857 335222287 0 4985 0.183181 0.207954 28 53
858 335222287 0 4983 0.184578 0.208922 19 56
859 335222287 0 4982 0.185212 0.209479 37 48
860 335222287 0 4982 0.185627 0.209853 37 49
861 335222287 0 4981 0.186439 0.210478 30 45
862 335222287 0 4981 0.187162 0.210796 30 48
863 335222287 0 4981 0.188279 0.212367 29 59
864 335222287 0 4981 0.188975 0.21307 25 43
865 335222287 0 4981 0.189212 0.213418 36 43
866 335222287 0 4981 0.189157 0.213379 40 37
867 335222287 0 4982 0.190168 0.214064 34 46
868 335222287 0 4982 0.19015 0.214215 31 32
869 335222287 0 4982 0.190838 0.214874 28 41
870 335222287 0 4982 0.191048 0.214985 39 41
871 335222287 0 4981 0.191088 0.214649 31 35
872 335222287 0 4980 0.192061 0.215431 25 50
873 335222287 0 4977 0.194548 0.217567 34 96
874 335222287 0 4973 0.198746 0.222055 29 162
875 335222287 0 4966 0.207511 0.230686 27 273
876 335222287 0 4954 0.219472 0.242952 26 377
877 335222287 0 4936 0.233259 0.254656 36 402
878 335222287 0 4911 0.243596 0.265229 28 381
879 335222287 0 4897 0.249477 0.271247 36 229
880 335222287 0 4889 0.253334 0.274971 38 159
881 335222287 0 4883 0.254648 0.276191 31 90
882 335222287 0 4881 0.255202 0.276555 37 48
883 335222287 0 4880 0.255236 0.277221 23 39
884 335222287 0 4877 0.2559 0.277667 35 50
885 335222287 0 4862 0.262118 0.282704 31 204
886 335222287 0 4809 0.281708 0.301233 34 665
887 335222287 0 4655 0.304055 0.31997 36 1027
888 335222287 0 4557 0.315128 0.330777 28 606
889 335222287 0 4527 0.317393 0.333573 33 180
890 335222287 0 4518 0.316785 0.332897 31 43
891 335222287 0 4516 0.316726 0.332539 39 33
892 335222287 0 4515 0.317438 0.333435 27 37
893 335222287 0 4516 0.31702 0.332787 39 26
894 335222287 0 4514 0.316506 0.332458 37 35
895 335222287 0 4513 0.31637 0.332161 32 31
896 335222287 0 4511 0.316202 0.332163 32 39
897 335222287 0 4510 0.316244 0.332348 27 35
898 335222287 0 4511 0.316997 0.332954 23 34
899 335222287 0 4511 0.316818 0.332621 41 34
900 335222287 0 4508 0.317134 0.333138 28 43
901 335222287 0 4506 0.317312 0.332885 34 31
902 335222287 0 4506 0.317172 0.333011 30 32
903 335222287 0 4504 0.316978 0.332694 34 34
904 335222287 0 4502 0.317428 0.333403 21 33
905 335222287 0 4501 0.317842 0.333927 22 37
906 335222287 0 4499 0.317776 0.334133 24 33
907 335222287 0 4497 0.318071 0.334347 17 31
908 335222287 0 4498 0.317768 0.334136 30 20
909 335222287 0 4499 0.317485 0.33435 24 24
910 335222287 0 4499 0.317587 0.334227 33 33
911 335222287 0 4497 0.317245 0.334419 27 36
912 335222287 0 4495 0.317448 0.334771 29 37
913 335222287 0 4494 0.316772 0.334486 33 22
914 335222287 0 4494 0.317509 0.335316 23 39
915 335222287 0 4493 0.317448 0.335353 27 37
916 335222287 0 4494 0.317883 0.33602 24 36
917 335222287 0 4493 0.317767 0.336126 30 31
918 335222287 0 4492 0.318413 0.336696 20 40
919 335222287 0 4491 0.318706 0.337154 22 37
920 335222287 0 4493 0.319701 0.337881 22 35
921 335222287 0 4492 0.319465 0.337877 29 29
922 335222287 0 4493 0.319389 0.337951 25 27
923 335222287 0 4492 0.319743 0.338216 20 37
924 335222287 0 4491 0.319603 0.338201 34 36
925 335222287 0 4491 0.319523 0.338535 26 29
926 335222287 0 4490 0.320205 0.338969 27 39
927 335222287 0 4489 0.320534 0.33917 21 32
928 335222287 0 4489 0.321726 0.340173 15 40
929 335222287 0 4486 0.32168 0.340374 27 35
930 335222287 0 4486 0.321795 0.340681 31 38
931 335222287 0 4483 0.321663 0.340615 33 36
932 335222287 0 4478 0.321726 0.341306 23 41
933 335222287 0 4463 0.321389 0.340976 31 75
934 335222287 0 4426 0.322974 0.34198 13 157
935 335222287 0 4365 0.323475 0.342289 24 238
936 335222287 0 4286 0.325935 0.343998 19 327
937 335222287 0 4168 0.324136 0.342094 25 376
938 335222287 0 4063 0.322364 0.339285 30 318
939 335222287 0 3989 0.318866 0.335637 28 217
940 335222287 0 3944 0.317439 0.334729 30 159
941 335222287 0 3925 0.316154 0.333532 30 82
942 335222287 0 3919 0.315899 0.333462 23 45
943 335222287 0 3914 0.316566 0.33342 33 47
944 335222287 0 3911 0.316124 0.333507 29 34
945 335222287 0 3910 0.315825 0.333336 26 29
946 335222287 0 3905 0.315189 0.332967 27 33
947 335222287 0 3903 0.315748 0.333157 22 36
948 335222287 0 3900 0.316368 0.333608 23 36
949 335222287 0 3896 0.316528 0.334534 21 43
950 335222287 0 3892 0.317254 0.334704 29 41
951 335222287 0 3891 0.317194 0.335295 20 34
952 335222287 0 3887 0.317862 0.335954 19 38
953 335222287 0 3883 0.318019 0.336767 19 39
954 335222287 0 3880 0.318673 0.337113 27 43
955 335222287 0 3880 0.319249 0.337485 23 23
956 335222287 0 3879 0.320041 0.337846 20 32
957 335222287 0 3879 0.321039 0.338884 17 36
958 335222287 0 3878 0.321725 0.339488 17 33
959 335222287 0 3875 0.321852 0.339335 23 34
960 335222287 0 3873 0.322104 0.339475 12 24
961 335222287 0 3869 0.322497 0.340165 12 43
962 335222287 0 3867 0.32374 0.341008 14 45
963 335222287 0 3866 0.324207 0.34171 14 36
964 335222287 0 3866 0.324958 0.342592 19 40
965 335222287 0 3863 0.325251 0.343419 14 39
966 335222287 0 3861 0.325692 0.343559 19 25
967 335222287 0 3860 0.325949 0.344038 19 35
968 335222287 0 3860 0.326525 0.344839 16 35
969 335222287 0 3857 0.326427 0.344765 19 38
970 335222287 0 3856 0.326583 0.345056 26 34
971 335222287 0 3853 0.32694 0.345249 17 37
972 335222287 0 3852 0.326849 0.345531 26 30
973 335222287 0 3848 0.327013 0.345494 18 25
974 335222287 0 3846 0.327169 0.34562 22 28
975 335222287 0 3842 0.327194 0.346044 15 31
976 335222287 0 3840 0.327715 0.34709 19 35
977 335222287 0 3837 0.32762 0.347132 22 37
978 335222287 0 3833 0.327767 0.347135 19 30
979 335222287 0 3831 0.327838 0.347366 13 28
980 335222287 0 3829 0.328871 0.348269 13 37
981 335222287 0 3827 0.329587 0.348829 10 35
982 335222287 0 3826 0.330088 0.348906 25 37
983 335222287 0 3823 0.330272 0.34925 18 32
984 335222287 0 3822 0.330094 0.349117 29 31
985 335222287 0 3817 0.329202 0.348465 27 33
986 335222287 0 3816 0.329234 0.34876 21 34
987 335222287 0 3813 0.329515 0.349065 24 39
988 335222287 0 3813 0.330463 0.350018 16 35
989 335222287 0 3812 0.331312 0.350817 17 36
990 335222287 0 3812 0.332123 0.351722 26 46
991 335222287 0 3808 0.333199 0.352974 8 45
992 335222287 0 3805 0.33425 0.354685 14 50
993 335222287 0 3803 0.334372 0.355255 13 31
994 335222287 0 3803 0.335225 0.356184 16 34
995 335222287 0 3802 0.337287 0.357394 7 39
996 335222287 0 3800 0.338586 0.358258 10 38
997 335222287 0 4549 0.106712 0.132087 7621 33
998 335222287 0 4550 0.111995 0.136832 6 122
999 335222287 0 4550 0.120372 0.144328 12 185
