0 2037785 2037785 32 0.0906667 0.111431 142 0
1 3995001 1957216 63 0.0634495 0.0941924 147 0
2 5703907 1708906 89 0.0660447 0.0962116 131 6
3 7849559 2145652 120 0.0652409 0.0998254 156 1
4 9733628 1884069 147 0.0617069 0.101717 132 2
5 11601415 1867787 177 0.0591092 0.102932 140 3
6 13085580 1484165 200 0.0587293 0.103609 121 7
7 14722193 1636613 224 0.0575986 0.0969865 133 10
8 16860665 2138472 254 0.0588299 0.100366 145 12
9 18718871 1858206 282 0.0606518 0.104317 131 12
10 20110058 1391187 301 0.0628673 0.105904 125 24
11 21431640 1321582 319 0.0617957 0.104772 111 18
12 23104649 1673009 344 0.0630397 0.10764 132 19
13 24385338 1280689 362 0.0657616 0.106051 119 23
14 25971629 1586291 383 0.0684877 0.112018 121 29
15 27488697 1517068 404 0.0701464 0.104473 122 29
16 28791969 1303272 420 0.0706412 0.101993 116 27
17 29906939 1114970 438 0.0726604 0.104065 114 26
18 31207442 1300503 453 0.0702493 0.101805 113 19
19 32187338 979896 468 0.0666484 0.0995505 119 23
20 33462733 1275395 488 0.0674739 0.101334 119 28
21 34787689 1324956 506 0.0663165 0.0980567 130 26
22 36001721 1214032 521 0.0675021 0.0972187 114 27
23 37137744 1136023 536 0.0675881 0.0942757 118 26
24 38562484 1424740 554 0.0690276 0.0935457 127 33
25 39788598 1226114 571 0.0693946 0.0926573 115 25
26 41214298 1425700 591 0.0681221 0.0922626 126 26
27 42366209 1151911 606 0.0682135 0.0937519 95 24
28 43716550 1350341 627 0.0693794 0.093515 132 28
29 45109392 1392842 646 0.0721519 0.0934214 125 37
30 46705041 1595649 672 0.0682724 0.0926879 143 21
31 47986232 1281191 690 0.0680879 0.0925815 116 21
32 49523246 1537014 711 0.0692612 0.0934786 132 27
33 50780078 1256832 730 0.0693847 0.093022 123 26
34 51980454 1200376 748 0.0687833 0.0923633 122 28
35 53081615 1101161 763 0.0696519 0.0926047 107 28
36 53935086 853471 775 0.0682783 0.0926582 101 28
37 55120791 1185705 790 0.0684735 0.0917202 119 32
38 56348464 1227673 805 0.071138 0.0934722 115 42
39 57527219 1178755 820 0.0721339 0.0942477 111 42
40 58784470 1257251 836 0.0748699 0.0944382 114 35
41 59799126 1014656 850 0.0774662 0.0951943 128 55
42 61074155 1275029 867 0.0787065 0.0958578 128 54
43 61833035 758880 877 0.0794088 0.0981836 114 59
44 62845366 1012331 890 0.0788409 0.0961611 116 46
45 63757502 912136 903 0.0791582 0.100428 102 49
46 64700784 943282 914 0.0785238 0.0985734 114 47
47 65408049 707265 925 0.0797751 0.0994117 101 57
48 66543388 1135339 940 0.0822871 0.102748 121 58
49 67581074 1037686 953 0.0829435 0.10006 121 50
50 68491394 910320 963 0.0822009 0.0979127 112 43
51 69740481 1249087 980 0.0836226 0.100173 114 48
52 71149743 1409262 1000 0.0810931 0.101072 137 47
53 71913046 763303 1010 0.0809886 0.101209 104 51
54 72831363 918317 1021 0.0808121 0.0998177 122 47
55 73536631 705268 1030 0.0814611 0.101858 95 52
56 74137123 600492 1040 0.0813478 0.101295 105 48
57 75377105 1239982 1057 0.0798867 0.100972 128 45
58 76485364 1108259 1072 0.0795869 0.100669 117 50
59 77405306 919942 1082 0.0811553 0.101071 97 51
60 78436991 1031685 1097 0.0817068 0.0996835 125 50
61 79090473 653482 1106 0.0814418 0.0981512 105 48
62 80241459 1150986 1120 0.0848094 0.0986141 121 51
63 81257416 1015957 1132 0.0823552 0.0980948 124 50
64 82265252 1007836 1145 0.0838417 0.0984949 106 47
65 83199927 934675 1156 0.0831341 0.0995867 118 58
66 83953250 753323 1165 0.0825207 0.0980752 104 48
67 84974686 1021436 1177 0.0826853 0.0981888 117 50
68 85924304 949618 1187 0.083125 0.0995857 117 56
69 86709705 785401 1196 0.0828817 0.09791 118 58
70 87662316 952611 1209 0.081952 0.0971236 113 50
71 88224665 562349 1216 0.0833633 0.0978465 95 58
72 88894675 670010 1224 0.0827929 0.097111 107 53
73 89786095 891420 1236 0.081312 0.0968803 105 38
74 90437108 651013 1245 0.0818129 0.099571 93 58
75 91179548 742440 1255 0.0818241 0.101322 104 59
76 92329424 1149876 1268 0.0811951 0.100161 130 51
77 93092106 762682 1277 0.0783889 0.0989763 116 45
78 93661753 569647 1284 0.0792115 0.0999288 101 59
79 94317498 655745 1292 0.082036 0.100082 96 67
80 94953498 636000 1301 0.0812148 0.0976 124 50
81 95702504 749006 1313 0.0836056 0.0983783 121 66
82 96694047 991543 1327 0.0819446 0.0972501 130 62
83 97424026 729979 1338 0.0834987 0.0976758 103 63
84 98324058 900032 1350 0.0842731 0.0980101 112 53
85 99538439 1214381 1364 0.0842962 0.097443 121 42
86 100339885 801446 1375 0.0866118 0.0988158 107 64
87 100786728 446843 1380 0.0868817 0.0984553 101 62
88 101510912 724184 1390 0.0872155 0.0981925 118 67
89 102232997 722085 1400 0.088412 0.0990834 106 60
90 102932450 699453 1411 0.0896613 0.0990346 106 62
91 103717497 785047 1421 0.0903178 0.100141 112 68
92 104550677 833180 1431 0.0909078 0.100776 106 70
93 105359620 808943 1442 0.0927361 0.100564 116 68
94 105803852 444232 1447 0.0937849 0.10185 94 74
95 106128222 324370 1450 0.0910492 0.100365 109 62
96 106894312 766090 1459 0.0913339 0.100423 126 72
97 107788717 894405 1471 0.0927443 0.0997873 125 73
98 108571973 783256 1482 0.0922599 0.100248 105 56
99 109080055 508082 1487 0.0941228 0.103444 103 80
100 109441926 361871 1491 0.0929328 0.102183 101 53
101 109963896 521970 1496 0.0931034 0.101842 103 72
102 110579031 615135 1503 0.093444 0.102181 102 61
103 111103850 524819 1509 0.0921997 0.0999797 113 60
104 112018007 914157 1522 0.0916402 0.0996348 122 51
105 112735863 717856 1529 0.0906496 0.100064 112 64
106 113229874 494011 1535 0.0915001 0.10138 107 80
107 113663200 433326 1542 0.0909349 0.101483 106 62
108 114268369 605169 1549 0.0898406 0.100327 110 71
109 115088438 820069 1557 0.0892499 0.0995192 104 59
110 115784626 696188 1565 0.0884865 0.0991358 128 61
111 116733494 948868 1578 0.0871591 0.098926 112 45
112 117705335 971841 1590 0.0887093 0.0985708 117 62
113 118211598 506263 1595 0.0887734 0.098582 103 62
114 118858531 646933 1603 0.0893855 0.0975378 109 58
115 119733299 874768 1613 0.0882655 0.0958671 122 57
116 120511866 778567 1622 0.0884157 0.0974695 116 66
117 121112517 600651 1628 0.0872829 0.0962749 107 51
118 121861867 749350 1637 0.0893835 0.0971857 106 71
119 122383496 521629 1643 0.0898593 0.0983654 97 77
120 123113510 730014 1651 0.0879 0.0971658 127 58
121 123536327 422817 1656 0.0896803 0.0988917 93 83
122 123961798 425471 1661 0.0882028 0.0985445 100 65
123 124534945 573147 1668 0.0904078 0.100218 113 90
124 124827946 293001 1672 0.0897228 0.09905 107 63
125 125403681 575735 1680 0.089482 0.0974188 113 62
126 125943563 539882 1688 0.089537 0.0979034 88 53
127 126419996 476433 1697 0.0901156 0.0970017 112 68
128 126974747 554751 1703 0.0902078 0.0970267 100 59
129 127924263 949516 1716 0.089651 0.0966932 124 60
130 128780082 855819 1726 0.0909557 0.0974325 106 62
131 129320765 540683 1734 0.0905884 0.0977706 100 65
132 129752109 431344 1739 0.0898432 0.0973519 119 75
133 130169164 417055 1746 0.0894114 0.0966809 100 64
134 130819848 650684 1752 0.0890023 0.0967348 115 72
135 131742084 922236 1763 0.0884301 0.0948386 123 61
136 132299676 557592 1769 0.0892852 0.0950884 101 67
137 132914256 614580 1779 0.0894154 0.0939688 109 65
138 133561329 647073 1787 0.0895978 0.0954405 102 63
139 134315685 754356 1796 0.0883793 0.0939711 125 66
140 134693812 378127 1800 0.0891455 0.0940188 98 66
141 135616620 922808 1811 0.0889216 0.0950908 110 64
142 136448729 832109 1820 0.0885819 0.0941767 125 59
143 137008009 559280 1825 0.0874295 0.0930062 119 62
144 137483129 475120 1831 0.088658 0.0934826 113 72
145 138078461 595332 1840 0.0888056 0.0926348 118 70
146 138594303 515842 1846 0.0895832 0.0924349 110 68
147 139210606 616303 1854 0.0894502 0.09252 99 66
148 139895257 684651 1862 0.0888156 0.0924414 121 72
149 140715096 819839 1874 0.0873963 0.092562 106 52
150 141334706 619610 1880 0.0878738 0.092651 116 80
151 141564369 229663 1882 0.0882684 0.093024 87 70
152 142331307 766938 1890 0.0890165 0.0936068 107 68
153 142961320 630013 1899 0.0892275 0.0934654 103 58
154 143457436 496116 1905 0.0898747 0.0921268 106 67
155 143806075 348639 1911 0.0899763 0.0916452 111 76
156 144287093 481018 1917 0.0911614 0.09248 101 80
157 145042628 755535 1924 0.089682 0.0926501 108 71
158 145704988 662360 1930 0.0884675 0.0917389 114 61
159 146294756 589768 1937 0.0893089 0.090507 111 64
160 146874065 579309 1943 0.0867537 0.0897917 120 63
161 147196947 322882 1948 0.0874252 0.0904427 90 76
162 147835792 638845 1954 0.0881943 0.090721 106 73
163 148377988 542196 1961 0.0866591 0.0900547 114 58
164 148875276 497288 1967 0.0872866 0.0902701 93 67
165 149470492 595216 1973 0.0878449 0.0902493 111 76
166 150178829 708337 1980 0.0886523 0.0911879 110 71
167 150685290 506461 1986 0.0883715 0.0918337 107 71
168 151315931 630641 1993 0.087776 0.092544 113 76
169 151786684 470753 1999 0.0879333 0.0914459 110 67
170 152434445 647761 2007 0.0888595 0.0919818 99 74
171 152678566 244121 2010 0.0893845 0.0905767 95 60
172 153297914 619348 2017 0.0896466 0.0903572 115 69
173 153782867 484953 2022 0.088285 0.0902804 95 54
174 154449990 667123 2029 0.0875089 0.0894572 122 59
175 154989177 539187 2036 0.085849 0.0875864 128 62
176 155891854 902677 2045 0.0871782 0.087918 117 75
177 156486636 594782 2051 0.0870667 0.088622 101 64
178 157378162 891526 2060 0.0859769 0.0875338 127 65
179 157982304 604142 2066 0.0861024 0.0861122 104 62
180 158573318 591014 2074 0.0866236 0.0869286 108 78
181 159324190 750872 2082 0.0874624 0.0873407 112 74
182 159730628 406438 2087 0.0889103 0.0875011 107 77
183 160066304 335676 2091 0.0885992 0.0880879 105 81
184 160668231 601927 2099 0.0870695 0.0877318 121 77
185 161386590 718359 2108 0.0869737 0.0888853 94 64
186 161701648 315058 2112 0.0881088 0.0907609 89 80
187 162357788 656140 2119 0.0870743 0.0893084 123 58
188 162860771 502983 2126 0.0869051 0.0887975 107 57
189 163342867 482096 2132 0.0865173 0.0882641 113 64
190 164511969 1169102 2147 0.0858056 0.0879114 138 69
191 165133753 621784 2154 0.0853884 0.0881182 101 62
192 165717368 583615 2161 0.0857681 0.087938 117 74
193 166012640 295272 2165 0.0862883 0.0896033 88 74
194 166808428 795788 2175 0.0866155 0.0896316 121 68
195 167446568 638140 2183 0.0873682 0.089449 108 71
196 167778302 331734 2188 0.088695 0.0910338 86 72
197 168191414 413112 2193 0.0889766 0.0910019 114 86
198 168586417 395003 2197 0.0877439 0.0907248 109 79
199 168942910 356493 2201 0.0874296 0.090614 94 72
200 169476441 533531 2208 0.0874137 0.0892757 111 71
201 169946156 469715 2215 0.0889631 0.091689 79 75
202 170392910 446754 2219 0.0880398 0.0900182 113 65
203 170744252 351342 2223 0.0879747 0.0907536 103 82
204 170953159 208907 2225 0.0894361 0.0898269 84 62
205 171442774 489615 2231 0.0898203 0.0898641 107 72
206 172369011 926237 2241 0.0896056 0.089616 121 69
207 172900500 531489 2248 0.0885862 0.0893819 89 47
208 173343471 442971 2255 0.0886153 0.0883913 87 51
209 173613470 269999 2258 0.088788 0.0888076 101 79
210 174137420 523950 2264 0.0890465 0.0875388 91 59
211 174414567 277147 2267 0.0885904 0.0870618 111 75
212 174845933 431366 2272 0.0887889 0.0856489 110 69
213 175314519 468586 2277 0.0896186 0.0856836 104 75
214 175547406 232887 2280 0.0882063 0.0858138 107 75
215 176017623 470217 2286 0.0879947 0.0858569 112 68
216 176409695 392072 2293 0.0885924 0.0855544 102 70
217 176825444 415749 2298 0.0893079 0.0857418 87 75
218 177081358 255914 2301 0.0910932 0.0870131 94 85
219 177458296 376938 2306 0.0902628 0.0856725 110 69
220 177881095 422799 2310 0.0901547 0.0850445 98 63
221 178460213 579118 2317 0.0910129 0.0855597 107 78
222 178975527 515314 2323 0.0911214 0.0851802 118 82
223 179410840 435313 2327 0.0913476 0.0845733 97 68
224 179965786 554946 2332 0.0899587 0.0849504 115 71
225 180502892 537106 2337 0.089483 0.0840064 107 61
226 180962540 459648 2341 0.0890784 0.0837063 96 62
227 181398813 436273 2346 0.0890972 0.0830681 112 76
228 181813544 414731 2351 0.0897122 0.0828126 107 68
229 182225500 411956 2356 0.0899352 0.0825419 108 69
230 182615326 389826 2361 0.0913527 0.0848937 90 83
231 182971603 356277 2366 0.0890679 0.0820909 129 67
232 183681920 710317 2376 0.08854 0.0813726 116 58
233 184265435 583515 2384 0.0886868 0.0819163 114 68
234 184823364 557929 2390 0.0879383 0.0812042 110 57
235 185406131 582767 2397 0.0883174 0.0825896 95 69
236 185837891 431760 2402 0.0884772 0.0834864 93 69
237 186301807 463916 2409 0.087598 0.0832837 108 60
238 186859623 557816 2415 0.0882437 0.0843773 102 87
239 187154548 294925 2419 0.0877534 0.0838644 99 66
240 187799323 644775 2425 0.0871705 0.0838609 93 62
241 188493915 694592 2433 0.0864883 0.0842295 104 63
242 188871300 377385 2437 0.0856897 0.0834264 97 58
243 189406116 534816 2443 0.08455 0.082522 116 61
244 189596337 190221 2446 0.0850806 0.0829017 84 63
245 190388614 792277 2456 0.083781 0.0819919 106 46
246 190738298 349684 2461 0.08345 0.0812211 109 76
247 191521310 783012 2471 0.0832558 0.0811874 117 63
248 192448903 927593 2483 0.0825298 0.0805282 125 55
249 192960962 512059 2489 0.0831618 0.0812834 90 65
250 193441740 480778 2494 0.0839767 0.0819747 90 69
251 193963345 521605 2500 0.0840346 0.0822599 103 72
252 194813783 850438 2510 0.0842796 0.0815174 121 67
253 195298898 485115 2518 0.0848093 0.0817152 104 73
254 195995422 696524 2527 0.0844477 0.0809063 105 54
255 196443861 448439 2534 0.0848104 0.0804459 110 73
256 196758580 314719 2538 0.0850723 0.0803017 112 76
257 197414790 656210 2546 0.0855826 0.0802928 97 61
258 198104711 689921 2555 0.0854607 0.0800425 119 58
259 198587952 483241 2561 0.0865108 0.0813112 90 78
260 198843487 255535 2563 0.0866089 0.081421 96 76
261 199268251 424764 2569 0.0869763 0.081053 96 62
262 199661124 392873 2574 0.085825 0.0803664 112 70
263 199998602 337478 2579 0.0861865 0.0808215 97 76
264 200646617 648015 2586 0.0857727 0.0809772 105 68
265 201313246 666629 2593 0.0850927 0.080549 104 56
266 201850480 537234 2599 0.086096 0.0823638 93 81
267 202539946 689466 2607 0.0861264 0.0828237 97 64
268 203351530 811584 2615 0.0855151 0.0819975 108 66
269 203678363 326833 2618 0.0857641 0.082406 89 64
270 204125560 447197 2624 0.0855871 0.0817663 102 62
271 204450838 325278 2628 0.0850666 0.0821792 101 68
272 205123973 673135 2636 0.0849106 0.082046 103 70
273 205566669 442696 2643 0.084003 0.0806429 104 56
274 206385199 818530 2653 0.0835546 0.0806256 116 64
275 207025886 640687 2660 0.0841981 0.0799998 115 76
276 207479514 453628 2666 0.0863548 0.0814082 89 83
277 207885097 405583 2671 0.0860666 0.0803314 102 64
278 208007316 122219 2673 0.0847686 0.0806204 106 76
279 208649642 642326 2680 0.086586 0.0804541 115 86
280 209017085 367443 2684 0.0867854 0.08028 95 65
281 209592057 574972 2690 0.0859759 0.0802659 96 60
282 210211366 619309 2697 0.0864032 0.0805929 99 70
283 210894939 683573 2705 0.0862824 0.0804967 109 70
284 211260603 365664 2710 0.0862851 0.0813847 94 76
285 211733711 473108 2717 0.0869917 0.0816634 108 80
286 212255645 521934 2723 0.0859599 0.0810146 104 54
287 212524573 268928 2726 0.0856279 0.0799889 122 79
288 212985647 461074 2732 0.086922 0.081108 102 82
289 213057308 71661 2733 0.086093 0.0801168 103 76
290 213804198 746890 2742 0.085854 0.079171 120 64
291 214425622 621424 2749 0.084968 0.079341 115 64
292 215246278 820656 2758 0.0851742 0.0795367 109 68
293 215658469 412191 2764 0.0856875 0.0794559 113 75
294 216175311 516842 2769 0.0848236 0.0779611 121 61
295 216809368 634057 2776 0.0840634 0.0778499 99 55
296 217491861 682493 2784 0.0837173 0.0780317 115 66
297 217970228 478367 2790 0.0842509 0.078781 104 82
298 218725056 754828 2799 0.083768 0.078063 102 58
299 219047838 322782 2802 0.084863 0.0787949 88 80
300 219456124 408286 2807 0.0838926 0.0777203 111 57
301 220217935 761811 2815 0.0841901 0.0779762 97 65
302 220706650 488715 2820 0.0835386 0.0778552 110 60
303 221191033 484383 2827 0.0829014 0.078069 92 54
304 221623938 432905 2833 0.0835034 0.0780212 95 64
305 222117183 493245 2839 0.0829778 0.0776243 111 75
306 222800380 683197 2847 0.0827969 0.0773181 107 61
307 223472673 672293 2855 0.0819127 0.0771017 120 70
308 224061756 589083 2863 0.0825714 0.0768897 104 64
309 224498576 436820 2868 0.0814519 0.0762218 104 51
310 225084486 585910 2877 0.0822271 0.0768625 109 75
311 225591750 507264 2883 0.0823328 0.0759493 107 70
312 225820987 229237 2886 0.0827364 0.0768657 91 78
313 226449000 628013 2893 0.0820227 0.0764717 120 71
314 227017790 568790 2900 0.0822688 0.0768896 104 71
315 227439427 421637 2904 0.0823762 0.0776417 104 77
316 228015407 575980 2911 0.0824181 0.0776017 114 73
317 228501087 485680 2916 0.082218 0.077143 109 65
318 228927658 426571 2922 0.0813163 0.0767475 95 50
319 229195379 267721 2927 0.0817231 0.077073 100 79
320 229582662 387283 2932 0.0819936 0.0776973 98 83
321 229966038 383376 2936 0.0825352 0.0788492 102 84
322 230314833 348795 2940 0.0821677 0.0792305 88 73
323 230746228 431395 2945 0.0827453 0.080033 86 75
324 231153447 407219 2949 0.0831139 0.0820085 87 77
325 231405083 251636 2953 0.0824452 0.0818568 94 75
326 231959896 554813 2959 0.0825028 0.0814523 106 73
327 232390301 430405 2963 0.0828139 0.0819568 94 89
328 232935566 545265 2969 0.0829623 0.0815576 101 73
329 233125028 189462 2971 0.0836606 0.0815057 94 75
330 233571786 446758 2976 0.0833806 0.0806403 94 60
331 234050911 479125 2980 0.0838481 0.0811941 86 73
332 234267577 216666 2984 0.0838005 0.0811843 88 68
333 234734287 466710 2990 0.0830318 0.0811326 102 64
334 235056415 322128 2994 0.0823291 0.0804695 103 69
335 235664167 607752 3001 0.0823985 0.0803636 94 73
336 236207287 543120 3007 0.0831649 0.081255 99 71
337 236739794 532507 3013 0.0829549 0.0811041 94 59
338 237310988 571194 3019 0.082873 0.0809053 106 59
339 237787736 476748 3024 0.083022 0.0813893 89 74
340 238186448 398712 3030 0.0832471 0.0805484 110 71
341 238530578 344130 3034 0.0834205 0.0811392 89 79
342 238708048 177470 3036 0.083657 0.0811935 86 60
343 239132877 424829 3040 0.0839271 0.0814211 92 72
344 239416979 284102 3044 0.0829692 0.0801582 120 66
345 239861844 444865 3049 0.0830315 0.0790448 109 73
346 239975981 114137 3051 0.0814694 0.0780125 97 64
347 240612058 636077 3058 0.0817346 0.0784048 104 80
348 240669119 57061 3059 0.0809717 0.0785525 90 61
349 240885588 216469 3062 0.0816432 0.0788903 75 64
350 241327176 441588 3066 0.0808831 0.0781752 108 73
351 241936170 608994 3073 0.080272 0.0781977 112 70
352 242600717 664547 3081 0.0799589 0.0777972 112 61
353 242924518 323801 3086 0.0801836 0.0775605 112 86
354 243268343 343825 3090 0.0810651 0.0780164 98 72
355 243682649 414306 3094 0.0804846 0.0778169 110 71
356 244095378 412729 3098 0.0812636 0.0774504 99 70
357 244467739 372361 3102 0.0807495 0.0774779 84 66
358 244930085 462346 3108 0.0812299 0.0770435 103 77
359 245296473 366388 3114 0.0796834 0.0771518 104 61
360 245946200 649727 3122 0.0798511 0.0764896 112 65
361 246410887 464687 3129 0.0801673 0.0768636 92 65
362 246816109 405222 3136 0.0806138 0.0762864 100 71
363 247148180 332071 3141 0.0824341 0.0775578 86 81
364 247608749 460569 3146 0.081501 0.0768671 103 58
365 248210440 601691 3153 0.0813029 0.0758122 108 59
366 248720994 510554 3159 0.0798505 0.0754693 109 59
367 249422976 701982 3168 0.0797961 0.0753644 106 55
368 250112649 689673 3175 0.080778 0.0761061 107 79
369 250866110 753461 3182 0.0804325 0.0756506 104 59
370 251157977 291867 3185 0.0812257 0.076517 94 77
371 251621700 463723 3189 0.0819013 0.0766202 90 66
372 252155287 533587 3195 0.0823629 0.07669 101 69
373 252555969 400682 3199 0.0822166 0.0767769 100 75
374 252810592 254623 3202 0.0820566 0.0761324 99 71
375 253125959 315367 3205 0.0822185 0.0756242 102 70
376 253768854 642895 3212 0.0823373 0.0757069 103 73
377 254210022 441168 3216 0.0827174 0.0756849 98 69
378 254816948 606926 3222 0.0820463 0.0752709 111 76
379 255286919 469971 3227 0.08333 0.0759304 89 72
380 255563775 276856 3230 0.0830358 0.0761941 81 63
381 256191018 627243 3236 0.0834305 0.0758905 106 69
382 256574034 383016 3240 0.0823589 0.0752341 96 61
383 257273878 699844 3247 0.082563 0.0752966 109 59
384 257905695 631817 3254 0.0821013 0.0750681 121 72
385 258492520 586825 3261 0.0821563 0.0756036 106 69
386 258889135 396615 3266 0.083638 0.0753898 79 66
387 259354898 465763 3272 0.0844044 0.0758769 96 81
388 259694002 339104 3276 0.082896 0.0749028 119 57
389 260256394 562392 3282 0.0828747 0.0749745 103 66
390 260828980 572586 3289 0.0824133 0.0755012 115 81
391 261176092 347112 3292 0.0827834 0.0761701 98 79
392 261467271 291179 3295 0.0822404 0.0762153 95 70
393 261922629 455358 3299 0.0818662 0.0756065 105 70
394 262335241 412612 3305 0.0811114 0.0752691 104 63
395 262893059 557818 3312 0.0812737 0.075098 97 63
396 263354649 461590 3317 0.081645 0.0756152 92 69
397 263713176 358527 3321 0.0819135 0.0751377 98 65
398 264563362 850186 3330 0.0823426 0.0752293 108 69
399 265070153 506791 3337 0.0819144 0.0753479 114 74
400 266018025 947872 3346 0.0815738 0.0756375 112 78
401 266605705 587680 3352 0.0818677 0.0761502 102 78
402 266663994 58289 3353 0.0820539 0.0771578 92 78
403 267135705 471711 3359 0.0813853 0.0765126 89 55
404 267660830 525125 3366 0.0816937 0.0760386 104 73
405 268090070 429240 3371 0.0819536 0.0763989 110 80
406 268409067 318997 3375 0.0834562 0.0774372 78 81
407 268562593 153526 3377 0.0827687 0.0766169 109 80
408 269009023 446430 3381 0.0821422 0.0768675 88 62
409 269263174 254151 3384 0.0833213 0.0772522 89 77
410 269656127 392953 3389 0.0830662 0.0765298 101 68
411 270320945 664818 3396 0.0830255 0.0761298 111 68
412 270713597 392652 3400 0.0835125 0.0767915 104 83
413 271019435 305838 3403 0.0839146 0.0765482 94 72
414 271352337 332902 3406 0.0843467 0.0759477 101 72
415 271764173 411836 3411 0.083825 0.0761629 93 69
416 272172122 407949 3416 0.0840193 0.0756927 108 74
417 272518797 346675 3419 0.0832955 0.0753541 106 64
418 272885765 366968 3424 0.0841752 0.0755834 88 69
419 273389366 503601 3431 0.0839347 0.0752143 97 53
420 273910477 521111 3438 0.0834788 0.0753539 115 73
421 274202107 291630 3442 0.0835561 0.0755324 101 70
422 274571805 369698 3446 0.0838138 0.0758085 88 63
423 274889319 317514 3450 0.08303 0.0748268 106 66
424 275553774 664455 3458 0.0820654 0.074478 114 66
425 276086725 532951 3465 0.0831985 0.0756328 97 85
426 276478490 391765 3471 0.083187 0.0754588 100 71
427 277100998 622508 3478 0.0830629 0.0755644 99 69
428 277336244 235246 3481 0.0829789 0.0757815 94 70
429 277471130 134886 3482 0.0823554 0.0745295 114 67
430 277940299 469169 3487 0.0820402 0.0750999 104 84
431 278278912 338613 3492 0.0826603 0.0745516 93 61
432 278736489 457577 3496 0.0831692 0.0751864 88 82
433 279048676 312187 3500 0.0829912 0.0753151 96 76
434 279637016 588340 3508 0.0827672 0.0748313 112 66
435 280051585 414569 3512 0.0817352 0.0745653 105 69
436 280537311 485726 3518 0.0822719 0.074756 95 69
437 280952923 415612 3524 0.0825342 0.0741687 103 70
438 281408784 455861 3528 0.0823434 0.0738914 105 72
439 281912575 503791 3533 0.0824521 0.0741762 109 81
440 282904890 992315 3546 0.0821595 0.0744692 120 72
441 283415552 510662 3553 0.0823971 0.0749806 95 62
442 283970602 555050 3559 0.0828329 0.0749864 97 67
443 284274504 303902 3563 0.0830517 0.0745249 104 70
444 284646039 371535 3570 0.0831398 0.0750188 116 87
445 285319862 673823 3578 0.0831083 0.0766456 94 71
446 285596146 276284 3581 0.0843474 0.0772076 102 88
447 285848979 252833 3585 0.0834711 0.0760039 110 72
448 286105142 256163 3588 0.0832149 0.0756559 94 66
449 286326550 221408 3591 0.0836155 0.0765717 87 72
450 286783226 456676 3595 0.0840302 0.076647 93 77
451 287265612 482386 3601 0.0827936 0.0754667 122 55
452 287631809 366197 3606 0.083195 0.0757696 101 78
453 288173902 542093 3614 0.0829159 0.0756057 108 77
454 288538459 364557 3618 0.0826779 0.0759318 104 77
455 289028540 490081 3623 0.0809842 0.0747804 131 66
456 289387092 358552 3626 0.082179 0.0748798 76 72
457 289772781 385689 3630 0.0829988 0.0761612 74 68
458 289939197 166416 3632 0.0821477 0.0753591 101 69
459 290365260 426063 3637 0.0817723 0.0759324 105 81
460 290813413 448153 3643 0.0818939 0.0762877 95 70
461 291168302 354889 3647 0.0820333 0.0761801 103 75
462 291666457 498155 3654 0.0826227 0.0759377 109 79
463 292369253 702796 3663 0.0817947 0.0752562 121 65
464 292809921 440668 3668 0.0821945 0.0753702 100 75
465 293193210 383289 3673 0.0821716 0.0751526 108 82
466 293471916 278706 3676 0.0820301 0.075616 81 64
467 293767612 295696 3679 0.0815732 0.0754471 93 65
468 294405300 637688 3687 0.0819686 0.0749999 108 68
469 294864968 459668 3692 0.0822593 0.0755124 96 74
470 295266880 401912 3696 0.0817575 0.0751926 107 65
471 295424313 157433 3698 0.0826895 0.0752746 89 78
472 295784896 360583 3702 0.0829724 0.0759927 96 79
473 296058831 273935 3705 0.0824357 0.0754124 103 74
474 296626612 567781 3711 0.0822077 0.0746216 106 65
475 296926655 300043 3716 0.0825353 0.0742762 98 72
476 297442871 516216 3722 0.0820403 0.0737517 113 72
477 297745921 303050 3726 0.0833867 0.0756888 86 89
478 298028680 282759 3730 0.0828599 0.0747232 115 80
479 298185673 156993 3732 0.0828492 0.0753821 97 80
480 298560536 374863 3736 0.082482 0.0750615 105 69
481 299087317 526781 3742 0.082007 0.0750027 95 59
482 299374378 287061 3745 0.080996 0.0741587 108 59
483 299872880 498502 3752 0.081264 0.0751325 101 77
484 300159574 286694 3756 0.0813844 0.0757771 109 89
485 300560227 400653 3760 0.0805507 0.0754114 115 71
486 300966624 406397 3764 0.0802498 0.07574 106 80
487 301253883 287259 3767 0.0806926 0.0757559 84 63
488 301899010 645127 3773 0.0810153 0.0759649 103 73
489 302073308 174298 3775 0.0814008 0.0752599 90 71
490 302471838 398530 3780 0.081254 0.075326 102 81
491 302907922 436084 3785 0.0811835 0.0751458 107 70
492 303411236 503314 3790 0.0804389 0.0746481 115 77
493 303764008 352772 3795 0.0812287 0.0750271 101 80
494 304047017 283009 3799 0.0812713 0.0750453 84 66
495 304332592 285575 3802 0.0813476 0.074774 100 79
496 304694942 362350 3806 0.0813212 0.0741174 106 74
497 305134038 439096 3811 0.0820317 0.0750358 100 78
498 305554091 420053 3816 0.0820358 0.0749861 101 76
499 305764390 210299 3819 0.0827335 0.0751675 93 88
500 306081390 317000 3823 0.0831453 0.0758092 99 92
501 306271209 189819 3825 0.0824134 0.0755134 102 74
502 306621431 350222 3828 0.0821355 0.0754944 91 63
503 306901999 280568 3831 0.0828578 0.0766939 83 95
504 307115466 213467 3833 0.0833121 0.0766629 92 76
505 307518463 402997 3837 0.0833123 0.0766373 93 76
506 307816806 298343 3840 0.0834023 0.0770658 95 82
507 308060375 243569 3843 0.0830956 0.0767468 109 84
508 308583358 522983 3848 0.0826397 0.0766934 106 67
509 308820881 237523 3850 0.0823753 0.0770794 93 69
510 309027428 206547 3852 0.0828434 0.0772332 79 74
511 309429944 402516 3856 0.0827627 0.0782026 97 80
512 310054823 624879 3863 0.0824575 0.0775868 107 63
513 310410740 355917 3866 0.0819539 0.0771682 99 71
514 310883299 472559 3872 0.0823994 0.0775409 95 81
515 311075996 192697 3874 0.0824241 0.0775128 83 71
516 311435430 359434 3878 0.0826776 0.0779675 89 75
517 312011725 576295 3886 0.0827149 0.0784341 80 59
518 312271795 260070 3889 0.082529 0.0778319 106 73
519 312610959 339164 3892 0.0824758 0.0781767 89 75
520 312762201 151242 3894 0.082025 0.0776208 96 70
521 312977571 215370 3897 0.082519 0.0776498 98 85
522 313265340 287769 3901 0.0817381 0.0774993 113 77
523 313397509 132169 3902 0.0822158 0.0782571 88 90
524 313495513 98004 3903 0.0811988 0.0764877 108 63
525 313988687 493174 3908 0.0817302 0.0761491 103 85
526 314280336 291649 3911 0.0823106 0.0768349 84 74
527 314701392 421056 3916 0.081773 0.0766358 111 73
528 315157178 455786 3921 0.0816709 0.0762586 111 69
529 315495336 338158 3926 0.0815242 0.0760022 100 65
530 316059972 564636 3931 0.0821038 0.0763348 109 85
531 316382250 322278 3935 0.0816287 0.0761077 99 70
532 316810286 428036 3940 0.0819127 0.0767287 97 72
533 317040325 230039 3942 0.081869 0.0762867 108 83
534 317513091 472766 3946 0.0822429 0.0768311 95 80
535 317729531 216440 3949 0.0821413 0.0772332 82 65
536 318149706 420175 3954 0.0823239 0.0769529 91 63
537 318544800 395094 3958 0.0815929 0.0765783 107 81
538 319124418 579618 3966 0.0813419 0.0753782 117 64
539 319609892 485474 3972 0.0804031 0.0748509 117 57
540 319920884 310992 3976 0.0809455 0.0752938 96 71
541 320101778 180894 3978 0.081353 0.0751893 97 75
542 320489040 387262 3984 0.0813288 0.0746565 96 70
543 320977043 488003 3990 0.081294 0.0744241 101 62
544 321352476 375433 3995 0.0817881 0.0745511 82 72
545 321608639 256163 3998 0.0825379 0.0752201 88 90
546 321826522 217883 4001 0.0829138 0.0757265 104 85
547 321931926 105404 4003 0.0829293 0.0750267 97 75
548 322259419 327493 4007 0.0827765 0.0748452 111 88
549 322725440 466021 4013 0.0821421 0.0746964 102 65
550 323072062 346622 4017 0.082615 0.0748667 84 72
551 323387429 315367 4020 0.0821267 0.0747252 99 68
552 323798541 411112 4025 0.0816098 0.0740569 111 71
553 324187680 389139 4029 0.0817797 0.0746694 99 79
554 324498476 310796 4033 0.0815326 0.0738314 102 60
555 324962574 464098 4039 0.0819205 0.0737518 94 69
556 325363148 400574 4044 0.0826161 0.0742145 93 79
557 325704506 341358 4047 0.0829286 0.0741457 109 81
558 325943227 238721 4049 0.0825491 0.0738684 97 71
559 326423855 480628 4054 0.0830467 0.0746478 87 84
560 326622620 198765 4056 0.083119 0.0752559 85 69
561 326818262 195642 4058 0.0825182 0.0744872 97 69
562 327496917 678655 4065 0.0825602 0.0749525 94 64
563 328044600 547683 4070 0.0828641 0.0749915 83 62
564 328445659 401059 4075 0.0827908 0.0748938 95 67
565 328772168 326509 4078 0.0830697 0.0749646 98 80
566 328843829 71661 4079 0.0833359 0.0752381 91 90
567 329275429 431600 4083 0.0832805 0.0748427 102 72
568 329802337 526908 4087 0.0829602 0.0746495 103 65
569 330097213 294876 4092 0.0833934 0.0748114 90 76
570 330270066 172853 4094 0.083531 0.0753756 82 71
571 330701633 431567 4098 0.0832671 0.074829 112 72
572 330915547 213914 4099 0.0838501 0.0753595 86 93
573 331303058 387511 4105 0.0840673 0.0753066 99 79
574 331731351 428293 4111 0.0836286 0.074788 102 56
575 332314350 582999 4117 0.0839763 0.0754112 96 67
576 332574400 260050 4120 0.0836653 0.0755372 100 77
577 333072941 498541 4125 0.0835343 0.075446 101 72
578 333619930 546989 4132 0.08364 0.0751394 112 70
579 334041376 421446 4136 0.0838857 0.075439 106 83
580 334383566 342190 4141 0.0840522 0.0753351 95 63
581 334642735 259169 4144 0.0845709 0.0753527 92 74
582 335051622 408887 4147 0.0836284 0.075119 99 58
583 335403971 352349 4151 0.0845506 0.0755388 86 81
584 335717836 313865 4154 0.0842343 0.0754588 88 67
585 336199757 481921 4159 0.0843416 0.0751964 98 81
586 336698136 498379 4164 0.0836406 0.0747207 114 61
587 337196373 498237 4168 0.0842876 0.0754883 102 83
588 337441293 244920 4171 0.0846576 0.0753563 101 82
589 337680014 238721 4173 0.0847303 0.0755972 101 84
590 337894394 214380 4175 0.0844338 0.0754592 82 67
591 338090393 195999 4178 0.0847002 0.0752274 96 70
592 338302321 211928 4181 0.085105 0.0758547 88 86
593 338417784 115463 4182 0.0845642 0.0755431 95 68
594 338708494 290710 4185 0.0846322 0.075565 109 84
595 339066843 358349 4188 0.0845922 0.075774 99 80
596 339503199 436356 4193 0.0835993 0.0744673 126 62
597 339829810 326611 4197 0.0837812 0.0746743 90 74
598 340070403 240593 4199 0.0838604 0.0745932 94 71
599 340456487 386084 4204 0.0841647 0.0745282 88 68
600 341008551 552064 4211 0.0845515 0.0744866 89 66
601 341148352 139801 4213 0.0850576 0.0748168 86 74
602 341519641 371289 4217 0.0850664 0.0741779 98 74
603 341949961 430320 4222 0.085835 0.0747681 100 88
604 342185207 235246 4225 0.0869113 0.0758081 80 79
605 342399121 213914 4227 0.087361 0.0768111 87 84
606 342550101 150980 4229 0.0872604 0.0765033 98 89
607 342763568 213467 4231 0.0866126 0.0765038 94 79
608 343044299 280731 4234 0.0862449 0.0758739 112 75
609 343514030 469731 4238 0.0856378 0.0757808 107 64
610 343863555 349525 4243 0.0855979 0.0760815 96 78
611 344204940 341385 4247 0.0848653 0.0752717 101 56
612 344576952 372012 4251 0.0851865 0.0755021 92 72
613 344826943 249991 4254 0.0852336 0.0754773 93 76
614 344985076 158133 4256 0.0860816 0.0763901 80 79
615 345401759 416683 4260 0.0853357 0.0755408 113 72
616 345731190 329431 4265 0.0854888 0.075651 101 77
617 345942979 211789 4267 0.0857159 0.0763429 97 77
618 346246365 303386 4270 0.0854648 0.0759014 103 76
619 346564601 318236 4272 0.0856531 0.0757263 85 73
620 346920876 356275 4277 0.0855824 0.0756876 89 60
621 347512306 591430 4283 0.0853721 0.0762404 114 77
622 347717639 205333 4285 0.0858647 0.0769951 79 80
623 347906749 189110 4287 0.0854406 0.0765821 105 77
624 348206324 299575 4291 0.0845405 0.0756147 119 65
625 348546232 339908 4294 0.0846981 0.0758079 86 74
626 348740922 194690 4298 0.0844728 0.0754904 91 67
627 349220669 479747 4302 0.0850602 0.0760041 92 81
628 349433891 213222 4305 0.0850862 0.0755863 101 63
629 350027659 593768 4311 0.0843257 0.0750408 117 61
630 350182413 154754 4313 0.0841967 0.0756046 90 78
631 350819350 636937 4320 0.0844323 0.0760508 106 75
632 351201523 382173 4325 0.0845561 0.0753572 99 57
633 351611651 410128 4330 0.0855057 0.075704 85 76
634 351916331 304680 4333 0.0850943 0.0753914 99 73
635 352094867 178536 4336 0.0850775 0.0754614 103 89
636 352409694 314827 4340 0.0850574 0.0759697 80 71
637 352748117 338423 4343 0.08525 0.0767181 102 90
638 352956978 208861 4346 0.0849148 0.0767835 91 75
639 353450420 493442 4352 0.0845982 0.0759013 126 74
640 353631332 180912 4354 0.0845001 0.075955 95 79
641 354438046 806714 4362 0.0843944 0.0759098 103 64
642 354952635 514589 4368 0.084676 0.0756251 110 72
643 355205198 252563 4372 0.0846014 0.0751396 105 69
644 355493309 288111 4377 0.0845937 0.0747729 109 76
645 356018229 524920 4383 0.0849715 0.0749659 97 65
646 356463681 445452 4391 0.0843353 0.0747846 114 63
647 356880937 417256 4396 0.0852294 0.0747185 94 82
648 357583825 702888 4405 0.0846827 0.0750611 126 83
649 357738890 155065 4407 0.0846137 0.0750297 87 71
650 358148295 409405 4412 0.0845106 0.0751779 104 85
651 358552708 404413 4417 0.0843197 0.0748353 105 77
652 358913247 360539 4421 0.0841198 0.0751431 107 77
653 359536756 623509 4428 0.084448 0.0748873 112 79
654 359853717 316961 4433 0.0845563 0.0753008 90 76
655 360354843 501126 4438 0.0849271 0.0753818 102 78
656 360884977 530134 4443 0.0846475 0.0749649 105 69
657 361196521 311544 4446 0.0854114 0.0758797 92 86
658 361373586 177065 4449 0.0861181 0.0763046 97 87
659 361745103 371517 4454 0.0865894 0.0760642 110 85
660 361883881 138778 4456 0.0866782 0.0760795 90 78
661 362312783 428902 4460 0.0865117 0.0762144 95 65
662 362830639 517856 4465 0.0866331 0.0763339 99 73
663 362927104 96465 4466 0.0861064 0.0763782 103 80
664 363023569 96465 4467 0.086675 0.0763361 82 80
665 363104761 81192 4468 0.0861443 0.0757674 96 70
666 363391825 287064 4471 0.086525 0.0757372 81 72
667 363559712 167887 4473 0.0871669 0.0758602 86 80
668 363837725 278013 4476 0.0876126 0.0759248 89 82
669 364083742 246017 4479 0.0874939 0.0763441 92 81
670 364301479 217737 4481 0.0873391 0.0757725 93 67
671 364573657 272178 4484 0.0876895 0.0755052 93 79
672 364836402 262745 4487 0.0880961 0.0758637 77 72
673 365342066 505664 4492 0.0884814 0.0765507 98 85
674 365754906 412840 4498 0.0884537 0.0763323 108 80
675 365980482 225576 4501 0.0884769 0.0764784 95 75
676 366322087 341605 4506 0.0876011 0.0759498 100 61
677 366866047 543960 4514 0.0878053 0.0755398 95 64
678 367218542 352495 4519 0.087458 0.0755304 110 77
679 367643457 424915 4524 0.0879702 0.0761143 85 75
680 368002321 358864 4528 0.0878074 0.0761124 93 73
681 368123593 121272 4529 0.0882801 0.0763909 86 69
682 368423958 300365 4531 0.0882354 0.0765905 82 63
683 368718083 294125 4535 0.0883059 0.0767693 106 88
684 368842797 124714 4536 0.0892088 0.0774811 93 99
685 369056711 213914 4538 0.0892975 0.0780137 84 80
686 369174160 117449 4539 0.0884834 0.0771126 115 78
687 369348379 174219 4541 0.0888048 0.0771513 111 99
688 369439837 91458 4542 0.0892793 0.0768282 93 79
689 369647878 208041 4545 0.08835 0.0766937 119 93
690 369931598 283720 4548 0.0880575 0.0761237 96 67
691 370259077 327479 4551 0.0880124 0.0762109 103 73
692 370677805 418728 4557 0.0887978 0.0772668 87 85
693 371131491 453686 4561 0.0886027 0.0770949 109 82
694 371234128 102637 4562 0.089022 0.0767055 91 82
695 371653357 419229 4567 0.0883894 0.0764889 109 75
696 371978960 325603 4570 0.0883526 0.0768491 103 95
697 372035158 56198 4571 0.0886942 0.0775447 70 78
698 372383981 348823 4574 0.0891955 0.0779356 88 84
699 372596711 212730 4576 0.0894579 0.0778161 98 75
700 372844156 247445 4578 0.0891121 0.0776434 105 82
701 373211371 367215 4582 0.0888159 0.0772678 114 79
702 373803560 592189 4589 0.0888442 0.0768241 121 79
703 374217778 414218 4593 0.0889495 0.0771056 94 86
704 374661773 443995 4597 0.0892857 0.0774821 97 86
705 374814962 153189 4599 0.0885944 0.077047 108 79
706 375418548 603586 4607 0.0882516 0.0770462 115 75
707 375799292 380744 4610 0.0880071 0.0774754 92 75
708 375895420 96128 4611 0.0881723 0.0779749 89 90
709 376130774 235354 4614 0.088212 0.0776763 90 74
710 376517190 386416 4618 0.0885747 0.0779401 96 79
711 376831538 314348 4622 0.088089 0.0774646 113 75
712 377030640 199102 4624 0.0887342 0.0775329 94 97
713 377502015 471375 4629 0.0879535 0.0769838 116 74
714 377816712 314697 4632 0.0886759 0.0773555 93 84
715 377986377 169665 4634 0.0881371 0.0776477 90 78
716 378165573 179196 4636 0.0887687 0.0781038 81 74
717 378479438 313865 4639 0.0885569 0.0781115 97 80
718 378766195 286757 4641 0.0879302 0.0787748 103 86
719 379077925 311730 4644 0.0882663 0.078469 96 81
720 379387109 309184 4647 0.0890656 0.0790042 88 84
721 379443307 56198 4648 0.0898582 0.0796443 84 88
722 379499505 56198 4649 0.0901942 0.0799273 81 87
723 379557794 58289 4650 0.0905672 0.0798448 85 93
724 379715927 158133 4652 0.0910212 0.0799421 88 88
725 379756611 40684 4653 0.0914158 0.0802141 80 80
726 380047171 290560 4656 0.0909819 0.0800731 89 79
727 380047171 0 4656 0.091357 0.0803113 89 91
728 380317941 270770 4659 0.0920418 0.0807917 73 74
729 380420578 102637 4659 0.0931022 0.0816537 72 87
730 380644205 223627 4661 0.0935337 0.0818891 78 86
731 380715866 71661 4662 0.0942106 0.0819195 74 79
732 380807324 91458 4663 0.0945932 0.0821434 81 86
733 380898782 91458 4665 0.0950851 0.083269 72 89
734 380955843 57061 4666 0.0952522 0.0835911 96 93
735 381053847 98004 4667 0.0949102 0.083521 83 76
736 381145305 91458 4668 0.0958502 0.0844494 71 99
737 381216966 71661 4669 0.0948763 0.0838997 91 79
738 381274027 57061 4670 0.0945922 0.0842406 102 85
739 381314711 40684 4671 0.0942896 0.0839582 81 71
740 381417348 102637 4672 0.0935818 0.0834288 86 73
741 381621984 204636 4675 0.0945284 0.0840278 78 86
742 381852998 231014 4677 0.095487 0.0844238 75 75
743 381944456 91458 4678 0.0959516 0.0847071 84 79
744 381944456 0 4678 0.09578 0.0844619 90 83
745 381992799 48343 4679 0.0957997 0.0845741 92 85
746 382048997 56198 4680 0.0962079 0.0851333 88 86
747 382107286 58289 4681 0.096748 0.0853871 83 96
748 382155629 48343 4682 0.0968731 0.0854971 80 78
749 382289164 133535 4683 0.0971403 0.0855389 73 75
750 382385292 96128 4684 0.0980272 0.0863919 70 101
751 382625885 240593 4686 0.0973019 0.0864987 90 82
752 382697546 71661 4686 0.0975579 0.0861822 87 87
753 382822260 124714 4688 0.0977185 0.0870148 76 79
754 382943532 121272 4689 0.0982398 0.0877753 74 83
755 383046169 102637 4689 0.0988637 0.0883346 82 93
756 383046169 0 4689 0.098973 0.0886618 72 86
757 383137627 91458 4690 0.0996674 0.0899015 76 87
758 383137627 0 4690 0.0999264 0.0900613 78 93
759 383137627 0 4689 0.100854 0.0897502 70 83
760 383137627 0 4689 0.101205 0.0905608 65 76
761 383137627 0 4689 0.10098 0.0907308 75 73
762 383137627 0 4689 0.102891 0.0925883 55 104
763 383137627 0 4688 0.102935 0.0928565 68 70
764 383137627 0 4688 0.105206 0.0952879 54 116
765 383137627 0 4687 0.107515 0.0968023 45 95
766 383137627 0 4686 0.108085 0.0974429 58 76
767 383137627 0 4686 0.108774 0.0980242 56 81
768 383137627 0 4686 0.109752 0.0983965 63 72
769 383137627 0 4685 0.110911 0.0990023 49 86
770 383137627 0 4684 0.112811 0.10035 52 79
771 383137627 0 4680 0.113021 0.100423 59 86
772 383137627 0 4680 0.114169 0.101791 73 109
773 383137627 0 4680 0.115212 0.10279 61 93
774 383137627 0 4680 0.116286 0.103128 62 80
775 383137627 0 4679 0.116803 0.103704 60 87
776 383137627 0 4678 0.117709 0.104286 51 81
777 383137627 0 4677 0.119045 0.105181 58 97
778 383137627 0 4676 0.119493 0.106202 57 83
779 383137627 0 4676 0.120958 0.107906 57 100
780 383137627 0 4675 0.121566 0.108833 60 93
781 383137627 0 4675 0.122658 0.110403 53 95
782 383137627 0 4675 0.124182 0.111536 58 92
783 383137627 0 4673 0.125407 0.113244 45 96
784 383137627 0 4673 0.127067 0.115736 49 113
785 383137627 0 4673 0.128969 0.117356 44 95
786 383137627 0 4672 0.130219 0.118464 55 92
787 383137627 0 4671 0.131335 0.119546 61 106
788 383137627 0 4671 0.132619 0.120208 55 90
789 383137627 0 4669 0.133765 0.121569 42 91
790 383137627 0 4668 0.135814 0.122615 45 91
791 383137627 0 4668 0.137821 0.12447 37 103
792 383137627 0 4668 0.139451 0.126093 37 87
793 383137627 0 4668 0.141287 0.12812 41 86
794 383137627 0 4668 0.143377 0.129607 41 97
795 383137627 0 4667 0.145938 0.132346 23 112
796 383137627 0 4666 0.148066 0.134855 23 100
797 383137627 0 4666 0.150465 0.136862 35 106
798 383137627 0 4666 0.152846 0.139012 32 106
799 383137627 0 4666 0.155115 0.14182 41 112
