天数 结余 购买 工作中 cpuRatio ramRatio addcnt delcnt
0 883194 883194 19 0.282798 0.217756 56 0
1 1604882 721688 34 0.222836 0.200382 45 0
2 2158201 553319 46 0.231282 0.197296 37 2
3 2802667 644466 60 0.2055 0.169761 46 1
4 3289515 486848 70 0.219131 0.166615 37 2
5 4020426 730911 83 0.211849 0.154973 44 0
6 4661622 641196 97 0.229426 0.155857 42 1
7 5275097 613475 109 0.214085 0.160431 40 4
8 5729021 453924 119 0.206096 0.146116 42 4
9 6013905 284884 124 0.180847 0.138557 45 7
10 6587699 573794 134 0.18405 0.148155 46 11
11 7037235 449536 143 0.166879 0.14623 37 5
12 7593403 556168 154 0.17127 0.159661 33 6
13 8161191 567788 165 0.164833 0.177594 36 7
14 8613391 452200 173 0.16669 0.178716 35 7
15 9096174 482783 183 0.165065 0.166188 41 5
16 9490316 394142 190 0.157619 0.163383 35 9
17 10116604 626288 203 0.160825 0.171045 40 6
18 10647961 531357 213 0.160613 0.160135 41 9
19 10940504 292543 218 0.153705 0.162923 33 10
20 11420050 479546 227 0.152919 0.16276 43 11
21 11917171 497121 238 0.14929 0.156987 44 7
22 12315904 398733 246 0.148591 0.155491 33 5
23 12672404 356500 254 0.152418 0.158487 27 7
24 13125848 453444 262 0.148616 0.162193 36 10
25 13648329 522481 273 0.143895 0.153521 49 8
26 14153401 505072 282 0.143718 0.154377 41 10
27 14669813 516412 293 0.153263 0.152474 31 8
28 15240693 570880 305 0.160591 0.147458 44 6
29 15839844 599151 317 0.157935 0.150088 46 7
30 16513159 673315 329 0.156051 0.14514 42 3
31 16981779 468620 337 0.150082 0.150648 33 8
32 17329060 347281 343 0.148866 0.148529 38 10
33 17563457 234397 348 0.150316 0.143826 31 8
34 17885375 321918 354 0.145683 0.139774 35 5
35 18208676 323301 361 0.144724 0.139125 35 12
36 18614263 405587 369 0.145092 0.139396 28 6
37 19006119 391856 375 0.139369 0.14361 33 6
38 19573346 567227 386 0.142065 0.145099 39 8
39 19995764 422418 394 0.140591 0.145542 34 10
40 20568009 572245 405 0.136751 0.142447 44 3
41 20932117 364108 413 0.131727 0.142319 37 12
42 21133366 201249 417 0.127901 0.143721 34 8
43 21381994 248628 422 0.127447 0.138104 32 6
44 21612307 230313 427 0.12461 0.126851 37 6
45 22114058 501751 437 0.124752 0.128541 45 10
46 22479672 365614 445 0.127734 0.130721 34 13
47 22845736 366064 453 0.126711 0.129293 39 10
48 23295924 450188 463 0.128074 0.130686 32 6
49 23907761 611837 474 0.134651 0.136965 36 8
50 24083036 175275 478 0.134355 0.136981 32 14
51 24507577 424541 486 0.129611 0.132552 40 12
52 24951598 444021 495 0.134413 0.138134 35 22
53 25176018 224420 499 0.133049 0.143019 30 15
54 25571072 395054 506 0.13402 0.144734 36 16
55 25968154 397082 513 0.137546 0.150751 37 18
56 26340213 372059 519 0.134789 0.148734 41 13
57 26640558 300345 525 0.135799 0.145001 39 14
58 26873988 233430 530 0.136419 0.139461 38 14
59 27223075 349087 536 0.136181 0.141496 29 14
60 27441929 218854 540 0.13336 0.138229 32 10
61 27840806 398877 547 0.135731 0.14012 37 14
62 28322565 481759 558 0.135814 0.139942 42 8
63 28527614 205049 563 0.139185 0.13847 33 17
64 28829119 301505 569 0.146234 0.142001 32 21
65 29108955 279836 574 0.149199 0.142738 31 15
66 29430634 321679 581 0.150775 0.146799 30 17
67 29605483 174849 584 0.144956 0.144471 43 17
68 30061838 456355 593 0.143265 0.15199 44 22
69 30558903 497065 602 0.147843 0.155479 32 14
70 30667874 108971 604 0.147789 0.154711 35 23
71 30891332 223458 608 0.149858 0.15042 31 15
72 31239435 348103 615 0.150075 0.150089 40 13
73 31580608 341173 621 0.149472 0.147777 32 12
74 31818475 237867 624 0.15221 0.148821 34 20
75 31998354 179879 628 0.15206 0.147407 31 15
76 32351010 352656 635 0.150813 0.143751 44 13
77 32731217 380207 642 0.154132 0.144957 40 21
78 33099806 368589 650 0.154889 0.145171 41 17
79 33212151 112345 652 0.158313 0.14957 33 22
80 33466345 254194 657 0.15508 0.150588 38 15
81 33672597 206252 661 0.155141 0.14972 39 19
82 33873846 201249 665 0.151547 0.147521 31 9
83 34213573 339727 672 0.150103 0.147885 43 19
84 34617872 404299 680 0.147494 0.14876 39 15
85 34998357 380485 688 0.146531 0.144876 44 14
86 35128307 129950 690 0.146622 0.143134 27 15
87 35666249 537942 699 0.151218 0.146981 38 15
88 35706933 40684 700 0.149412 0.146677 29 19
89 35961127 254194 705 0.14679 0.147013 40 17
90 36158611 197484 709 0.146343 0.146231 27 8
91 36431406 272795 714 0.146318 0.144634 30 13
92 36948512 517106 724 0.146185 0.143855 42 14
93 37216426 267914 729 0.142233 0.140543 36 7
94 37380791 164365 733 0.143304 0.139541 29 16
95 37833847 453056 741 0.145869 0.144297 40 22
96 38192960 359113 748 0.144549 0.14741 37 19
97 38437447 244487 752 0.141336 0.142949 41 11
98 38859867 422420 760 0.143764 0.145125 41 20
99 39022603 162736 763 0.141257 0.140159 35 13
100 39338368 315765 771 0.140294 0.138045 44 11
101 39579481 241113 775 0.141682 0.142979 35 28
102 40077770 498289 785 0.140682 0.149607 36 18
103 40291280 213510 789 0.138203 0.148716 37 16
104 40548561 257281 794 0.139168 0.150161 34 24
105 40781906 233345 799 0.137749 0.151424 37 22
106 41071218 289312 804 0.140904 0.152064 30 16
107 41489353 418135 813 0.143544 0.153057 48 27
108 41921893 432540 820 0.146423 0.155898 37 30
109 42204708 282815 825 0.143883 0.1555 38 17
110 42558431 353723 831 0.145963 0.159409 30 15
111 42741205 182774 834 0.144889 0.154293 44 22
112 43029536 288331 840 0.147311 0.155536 36 23
113 43378776 349240 846 0.148957 0.158176 30 17
114 43663947 285171 851 0.147168 0.158581 38 22
115 43924768 260821 856 0.147243 0.157361 34 17
116 44263417 338649 863 0.151419 0.160658 29 23
117 44304101 40684 864 0.147742 0.156779 29 17
118 44583467 279366 870 0.150873 0.157813 40 26
119 44716429 132962 873 0.149133 0.156799 30 18
120 45174204 457775 881 0.148534 0.156591 44 22
121 45400034 225830 885 0.147727 0.157617 30 15
122 45708271 308237 892 0.147081 0.154523 40 13
123 45919610 211339 895 0.144048 0.153669 37 16
124 46481912 562302 907 0.144696 0.155758 47 20
125 46924349 442437 914 0.142753 0.152695 44 15
126 47097175 172826 917 0.145743 0.157215 24 23
127 47220856 123681 920 0.145093 0.155296 43 28
128 47435569 214713 923 0.146051 0.155885 38 17
129 47649079 213510 927 0.147793 0.157016 36 30
130 48059408 410329 935 0.148469 0.158327 44 22
131 48277442 218034 938 0.150049 0.16221 32 24
132 48389787 112345 940 0.148833 0.159483 39 19
133 179332680 130942893 3548 0.0744806 0.0933732 9527 20
134 179587790 255110 3552 0.0815731 0.100753 31 125
135 179587790 0 3552 0.0938965 0.113318 31 198
136 179587790 0 3551 0.10486 0.125811 33 197
137 179587790 0 3548 0.1129 0.133706 42 151
138 179587790 0 3548 0.122315 0.141253 42 157
139 179587790 0 3545 0.132266 0.150243 40 163
140 179587790 0 3543 0.145228 0.163127 24 208
141 179587790 0 3535 0.164814 0.18082 39 329
142 179587790 0 3520 0.204993 0.219435 46 625
143 179587790 0 3494 0.252894 0.265543 42 787
144 179587790 0 3459 0.272935 0.285709 50 407
145 179587790 0 3451 0.277039 0.292037 34 131
146 179587790 0 3449 0.278607 0.293455 45 72
147 179587790 0 3447 0.281284 0.296413 28 69
148 179587790 0 3441 0.283164 0.297029 41 73
149 179587790 0 3436 0.283273 0.298629 39 62
150 179587790 0 3432 0.286161 0.300772 37 70
151 179587790 0 3428 0.286711 0.300568 33 45
152 179587790 0 3425 0.288845 0.303402 27 66
153 179587790 0 3423 0.289744 0.304572 30 48
154 179587790 0 3418 0.287764 0.303497 46 34
155 179587790 0 3413 0.287963 0.303207 39 52
156 179587790 0 3412 0.288269 0.303322 37 41
157 179587790 0 3410 0.288162 0.303636 35 38
158 179587790 0 3410 0.289449 0.30395 35 43
159 179587790 0 3409 0.289309 0.304561 36 46
160 179587790 0 3406 0.288674 0.304387 37 37
161 179587790 0 3405 0.289071 0.304628 31 36
162 179587790 0 3404 0.289059 0.30386 30 27
163 179587790 0 3405 0.289848 0.30455 31 37
164 179587790 0 3405 0.289506 0.303842 41 42
165 306149882 126562092 6079 0.0701351 0.0989878 12225 26
166 306374302 224420 6083 0.0744204 0.103429 33 126
167 306496354 122052 6086 0.0844376 0.113344 32 259
168 306496354 0 6085 0.0925039 0.121046 38 222
169 306496354 0 6084 0.100846 0.128929 27 214
170 306496354 0 6084 0.108731 0.136292 29 213
171 306496354 0 6082 0.114915 0.141683 40 180
172 306496354 0 6078 0.123359 0.150967 37 266
173 306496354 0 6065 0.140299 0.168448 27 472
174 306496354 0 6041 0.172759 0.198984 40 848
175 306496354 0 6004 0.21086 0.234282 35 992
176 306496354 0 5971 0.232402 0.253751 30 581
177 306496354 0 5963 0.235409 0.25799 39 150
178 306496354 0 5954 0.237157 0.259287 32 96
179 306496354 0 5947 0.238997 0.260687 39 96
180 306496354 0 5941 0.240373 0.262254 30 89
181 306496354 0 5934 0.249505 0.270661 27 235
182 306496354 0 5910 0.276541 0.298176 29 711
183 306496354 0 5849 0.321378 0.341739 26 1196
184 306496354 0 5788 0.347248 0.367426 34 748
185 306496354 0 5762 0.353112 0.372818 41 229
186 306496354 0 5754 0.354621 0.373979 30 80
187 306496354 0 5743 0.354641 0.374054 35 64
188 306496354 0 5735 0.35567 0.374154 28 52
189 306496354 0 5732 0.356219 0.374499 45 61
190 306496354 0 5731 0.355718 0.37341 50 37
191 306496354 0 5731 0.356301 0.373468 37 48
192 306496354 0 5725 0.355446 0.372896 40 41
193 306496354 0 5724 0.356055 0.373598 30 46
194 306496354 0 5724 0.356959 0.374052 27 42
195 306496354 0 5724 0.356841 0.374513 33 38
196 306496354 0 5724 0.357045 0.373962 36 32
197 306496354 0 5724 0.357237 0.374091 25 33
198 306496354 0 5722 0.35747 0.373924 26 34
199 306496354 0 5725 0.356946 0.374145 40 37
200 306496354 0 5725 0.356731 0.373639 32 24
201 306496354 0 5725 0.356443 0.373359 33 29
202 306496354 0 5723 0.355667 0.372952 34 24
203 306496354 0 5723 0.35627 0.373484 26 30
204 306496354 0 5724 0.356011 0.37351 30 28
205 306496354 0 5724 0.35523 0.373146 42 32
206 306496354 0 5724 0.354826 0.373027 31 25
207 306496354 0 5725 0.354024 0.372569 39 27
208 306496354 0 5724 0.353643 0.372023 34 24
209 306496354 0 5724 0.353578 0.372044 34 32
210 306496354 0 5724 0.353573 0.371953 30 22
211 306496354 0 5726 0.352709 0.371166 41 24
212 306496354 0 5721 0.352185 0.370973 44 47
213 306496354 0 5678 0.357989 0.376182 38 260
214 306496354 0 5539 0.382099 0.399877 30 865
215 306496354 0 5214 0.413041 0.43143 37 1413
216 306496354 0 4915 0.430076 0.44682 24 943
217 306496354 0 4846 0.431035 0.447145 46 214
218 306496354 0 4839 0.431088 0.447385 30 47
219 306496354 0 4838 0.430915 0.447112 26 24
220 306496354 0 4839 0.430319 0.446132 36 21
221 306496354 0 4838 0.429989 0.445719 29 16
222 306496354 0 4837 0.430629 0.44586 26 35
223 306496354 0 4835 0.430337 0.445755 29 27
224 306496354 0 4835 0.428798 0.444678 43 26
225 306496354 0 4835 0.428034 0.444021 36 22
226 306496354 0 4833 0.427739 0.443078 35 32
227 306496354 0 4833 0.427548 0.442727 41 36
228 306496354 0 4828 0.428282 0.4426 33 50
229 306496354 0 4818 0.428634 0.443393 39 74
230 306496354 0 4794 0.430718 0.445795 40 136
231 306496354 0 4738 0.435122 0.451954 32 268
232 306496354 0 4657 0.443158 0.459703 22 354
233 306496354 0 4541 0.451648 0.468681 31 423
234 306496354 0 4449 0.456251 0.473708 45 326
235 306496354 0 4361 0.461026 0.478374 28 271
236 306496354 0 4331 0.463306 0.479754 37 126
237 306496354 0 4310 0.463307 0.480846 34 79
238 306496354 0 4306 0.461144 0.479183 37 21
239 306496354 0 4303 0.458971 0.477633 45 25
240 306496354 0 4304 0.458065 0.477562 39 22
241 306496354 0 4303 0.457164 0.476129 38 18
242 306496354 0 4302 0.457633 0.476649 23 25
243 306496354 0 4302 0.45745 0.476521 25 20
244 306496354 0 4302 0.457104 0.475936 25 24
245 306496354 0 4302 0.456822 0.474929 30 18
246 306496354 0 4302 0.456795 0.474343 29 28
247 306496354 0 4300 0.455799 0.473287 32 16
248 306496354 0 4300 0.454588 0.472151 38 14
249 306496354 0 4298 0.454114 0.471502 39 26
250 306496354 0 4298 0.453705 0.470872 35 24
251 306496354 0 4297 0.452856 0.469932 38 19
252 306496354 0 4302 0.451381 0.46879 39 12
253 306496354 0 4302 0.450168 0.467189 42 19
254 306496354 0 4299 0.450118 0.466981 33 28
255 306496354 0 4299 0.44881 0.465907 38 18
256 306496354 0 4299 0.448478 0.466006 24 22
257 306496354 0 4298 0.447263 0.464715 37 19
258 306496354 0 4299 0.44619 0.464171 32 20
259 306496354 0 4294 0.445213 0.462971 31 26
260 306496354 0 4289 0.445217 0.463422 26 36
261 306496354 0 4264 0.445927 0.463399 45 87
262 306496354 0 4191 0.445328 0.463484 35 196
263 306496354 0 4061 0.446122 0.464214 40 310
264 306496354 0 3855 0.445505 0.464194 40 446
265 306496354 0 3592 0.439659 0.458719 29 490
266 306496354 0 3320 0.427026 0.445546 39 457
267 306496354 0 3135 0.417282 0.436334 42 313
268 306496354 0 3024 0.407833 0.427126 41 174
269 306496354 0 2970 0.403189 0.421261 38 97
270 306496354 0 2950 0.400777 0.418634 31 44
271 306496354 0 2946 0.400345 0.418541 30 30
272 306496354 0 2946 0.398902 0.418006 22 16
273 306496354 0 2945 0.398758 0.416585 29 23
274 306496354 0 2946 0.397721 0.41568 35 21
275 306496354 0 2947 0.396179 0.414013 44 19
276 306496354 0 2944 0.395731 0.413094 29 31
277 306496354 0 2943 0.394609 0.41106 35 21
278 306496354 0 2942 0.393103 0.410925 32 25
279 306496354 0 2943 0.392689 0.411133 34 25
280 306496354 0 2945 0.391518 0.409192 36 13
281 306496354 0 2946 0.390899 0.408912 28 20
282 306496354 0 2944 0.389754 0.407806 31 23
283 306496354 0 5247 0.10795 0.131757 10789 20
284 306496354 0 5250 0.113586 0.138467 22 143
285 306496354 0 5250 0.123203 0.147128 30 225
286 306496354 0 5250 0.131638 0.154895 28 196
287 306496354 0 5250 0.139106 0.161796 37 177
288 306496354 0 5249 0.145245 0.16808 30 158
289 306496354 0 5247 0.152407 0.175341 34 184
290 306496354 0 5242 0.162636 0.183971 33 241
291 306496354 0 5235 0.181201 0.200611 30 414
292 306496354 0 5207 0.212356 0.232929 25 744
293 306496354 0 5163 0.24753 0.268997 36 849
294 306496354 0 5118 0.266016 0.28721 32 515
295 306496354 0 5102 0.26867 0.290674 26 138
296 306496354 0 5099 0.271617 0.293601 31 91
297 306496354 0 5093 0.273283 0.295557 36 83
298 306496354 0 5087 0.275513 0.2973 39 90
299 306496354 0 5082 0.276949 0.299672 35 84
300 306496354 0 5080 0.278588 0.301061 34 66
301 306496354 0 5077 0.28148 0.303363 31 79
302 306496354 0 5071 0.28206 0.303321 29 54
303 306496354 0 5068 0.283217 0.305518 28 77
304 306496354 0 5064 0.28363 0.306147 30 45
305 306496354 0 5062 0.284017 0.306492 32 41
306 306496354 0 5063 0.285042 0.306699 38 52
307 306496354 0 5066 0.28499 0.307119 37 38
308 306496354 0 5061 0.285296 0.307737 31 54
309 306496354 0 5059 0.284661 0.307591 30 33
310 306496354 0 5058 0.284794 0.308813 30 47
311 306496354 0 5055 0.285222 0.30858 31 41
312 306496354 0 5054 0.285044 0.308561 33 33
313 306496354 0 5053 0.285032 0.308351 38 38
314 306496354 0 5053 0.285877 0.308623 24 38
315 306496354 0 5053 0.284901 0.308322 32 23
316 306496354 0 5051 0.283589 0.307287 38 27
317 306496354 0 5051 0.283525 0.307119 35 34
318 306496354 0 5050 0.283192 0.306979 32 25
319 306496354 0 5048 0.28272 0.305931 31 23
320 306496354 0 5050 0.283068 0.306904 31 44
321 306496354 0 5049 0.28284 0.306751 34 30
322 306496354 0 5048 0.282593 0.306779 31 30
323 306496354 0 5048 0.282524 0.306518 28 29
324 306496354 0 5049 0.282198 0.305762 35 32
325 306496354 0 5049 0.281645 0.305727 32 27
326 306496354 0 5049 0.280331 0.304972 37 17
327 306496354 0 5050 0.280025 0.304775 37 33
328 306496354 0 5047 0.280099 0.304444 34 35
329 306496354 0 5047 0.279078 0.304498 34 25
330 306496354 0 5045 0.279839 0.305242 29 49
331 306496354 0 5030 0.289599 0.314842 34 243
332 306496354 0 4938 0.315114 0.340762 27 785
333 306496354 0 4705 0.351927 0.374923 29 1238
334 306496354 0 4504 0.366984 0.392105 27 778
335 306496354 0 4452 0.371588 0.396464 32 227
336 306496354 0 4443 0.371924 0.396113 34 53
337 306496354 0 4444 0.37156 0.395489 31 23
338 306496354 0 4443 0.370616 0.394298 39 20
339 306496354 0 4443 0.370725 0.394894 30 33
340 306496354 0 4438 0.369951 0.393825 37 31
341 306496354 0 4438 0.369312 0.392993 37 20
342 306496354 0 4437 0.368499 0.392041 34 22
343 306496354 0 4435 0.367749 0.391798 30 31
344 306496354 0 4433 0.3666 0.390659 33 24
345 306496354 0 4434 0.366452 0.389941 35 18
346 306496354 0 4436 0.365713 0.389845 34 19
347 306496354 0 4436 0.365258 0.389407 33 25
348 306496354 0 4438 0.365392 0.389392 26 24
349 306496354 0 4436 0.365625 0.389545 25 30
350 306496354 0 4435 0.365249 0.389093 36 26
351 306496354 0 4435 0.365344 0.389239 28 25
352 306496354 0 4434 0.364078 0.38857 32 23
353 306496354 0 4437 0.362951 0.38699 42 20
354 306496354 0 4439 0.36262 0.386898 35 23
355 306496354 0 4439 0.362054 0.386503 33 20
356 306496354 0 4437 0.360656 0.385228 42 25
357 306496354 0 4434 0.360312 0.384917 36 33
358 306496354 0 4436 0.359776 0.384904 31 23
359 306496354 0 4436 0.359547 0.384237 32 25
360 306496354 0 4434 0.359042 0.383601 27 24
361 306496354 0 4434 0.358988 0.383177 32 22
362 306496354 0 4435 0.358865 0.381895 36 25
363 306496354 0 4437 0.358416 0.381464 32 22
364 306496354 0 4438 0.358152 0.381145 36 28
365 306496354 0 4437 0.357462 0.380499 34 24
366 306496354 0 4435 0.357069 0.380348 34 29
367 306496354 0 4433 0.356916 0.379894 28 31
368 306496354 0 4434 0.356453 0.379996 29 28
369 306496354 0 4433 0.355769 0.379275 33 24
370 306496354 0 4435 0.355583 0.37901 30 28
371 306496354 0 4434 0.354774 0.378716 33 26
372 306496354 0 4434 0.354634 0.378078 36 24
373 306496354 0 4435 0.353864 0.377504 35 19
374 306496354 0 4437 0.353437 0.377279 34 24
375 306496354 0 4436 0.352984 0.377095 32 20
376 306496354 0 4435 0.352542 0.376779 29 21
377 306496354 0 4436 0.351455 0.376338 36 21
378 306496354 0 4429 0.350856 0.375539 32 34
379 306496354 0 4415 0.351903 0.376372 31 77
380 306496354 0 4378 0.355006 0.37861 34 166
381 306496354 0 4312 0.358479 0.382324 25 243
382 306496354 0 4195 0.364825 0.388528 36 397
383 306496354 0 4038 0.367809 0.393147 37 446
384 306496354 0 3899 0.367381 0.394093 39 370
385 306496354 0 3767 0.365226 0.391133 30 306
386 306496354 0 3696 0.364965 0.3902 32 176
387 306496354 0 3664 0.364188 0.388676 22 81
388 306496354 0 3650 0.363383 0.387707 29 43
389 306496354 0 3642 0.362335 0.386811 28 32
390 306496354 0 3638 0.361318 0.38641 35 29
391 306496354 0 3639 0.360973 0.386117 28 20
392 306496354 0 3641 0.360203 0.384987 35 19
393 306496354 0 3642 0.360001 0.384302 38 24
394 306496354 0 3640 0.358806 0.38299 39 27
395 306496354 0 3639 0.358807 0.382211 28 23
396 306496354 0 3636 0.358494 0.381644 23 27
397 306496354 0 3632 0.358403 0.381409 29 37
398 306496354 0 3631 0.357994 0.381368 29 30
399 306496354 0 3630 0.355991 0.379695 36 18
400 306496354 0 3628 0.355019 0.378243 37 19
401 306496354 0 3627 0.354904 0.378735 28 36
402 306496354 0 3627 0.353019 0.377713 38 21
403 306496354 0 3628 0.352262 0.376994 36 22
404 306496354 0 3631 0.35159 0.377015 34 29
405 306496354 0 3629 0.350368 0.37551 33 23
406 306496354 0 3631 0.349556 0.374447 44 26
407 306496354 0 3629 0.348525 0.373473 31 24
408 306496354 0 3629 0.347652 0.37343 32 26
409 306496354 0 3629 0.348204 0.373323 30 28
410 306496354 0 3630 0.347029 0.372282 31 17
411 306496354 0 3625 0.345301 0.370951 38 32
412 306496354 0 3623 0.344449 0.369979 33 23
413 306496354 0 3624 0.344108 0.369224 35 28
414 306496354 0 3620 0.342847 0.368107 34 19
415 306496354 0 3623 0.342922 0.367649 38 28
416 306496354 0 3620 0.34301 0.367346 30 25
417 306496354 0 3621 0.342691 0.367191 35 31
418 306496354 0 3621 0.342468 0.366077 37 28
419 306496354 0 3621 0.340967 0.36437 39 19
420 306496354 0 3619 0.340165 0.36391 33 24
421 306496354 0 3617 0.338734 0.362211 39 18
422 306496354 0 5676 0.0845605 0.111689 10568 22
423 306496354 0 5677 0.0886273 0.115185 40 119
424 306496354 0 5676 0.0970949 0.122911 26 213
425 306496354 0 5675 0.104012 0.129089 41 188
426 306496354 0 5672 0.111849 0.137383 33 202
427 306496354 0 5673 0.118298 0.143226 19 152
428 306496354 0 5671 0.124882 0.149104 40 189
429 306496354 0 5670 0.1356 0.158076 31 243
430 306496354 0 5660 0.150703 0.1732 36 403
431 306496354 0 5641 0.17913 0.200314 22 707
432 306496354 0 5606 0.212614 0.234135 28 849
433 306496354 0 5571 0.230998 0.25193 24 501
434 306496354 0 5558 0.233567 0.254581 27 128
435 306496354 0 5549 0.234377 0.255742 39 87
436 306496354 0 5545 0.237193 0.258341 31 96
437 306496354 0 5541 0.237609 0.259294 32 62
438 306496354 0 5540 0.238767 0.260064 41 61
439 306496354 0 5535 0.239573 0.260762 32 63
440 306496354 0 5533 0.240965 0.261754 26 55
441 306496354 0 5529 0.241414 0.261772 35 63
442 306496354 0 5527 0.242442 0.262672 27 50
443 306496354 0 5522 0.243259 0.26328 38 62
444 306496354 0 5519 0.24389 0.26445 31 58
445 306496354 0 5516 0.243919 0.264179 36 44
446 306496354 0 5516 0.245082 0.265363 35 60
447 306496354 0 5511 0.245035 0.265331 32 45
448 306496354 0 5510 0.245544 0.265636 25 41
449 306496354 0 5509 0.245953 0.266017 28 42
450 306496354 0 5504 0.245817 0.265997 38 46
451 306496354 0 5502 0.245824 0.265969 32 44
452 306496354 0 5501 0.245132 0.265763 37 36
453 306496354 0 5500 0.245746 0.265898 32 41
454 306496354 0 5500 0.246075 0.266291 26 35
455 306496354 0 5499 0.245466 0.265978 39 31
456 306496354 0 5496 0.245327 0.265458 31 35
457 306496354 0 5498 0.245204 0.265246 28 30
458 306496354 0 5498 0.245585 0.265519 25 30
459 306496354 0 5496 0.24498 0.26498 29 24
460 306496354 0 5496 0.244568 0.26441 32 23
461 306496354 0 5495 0.244466 0.263855 30 26
462 306496354 0 5497 0.244871 0.264259 32 38
463 306496354 0 5498 0.244559 0.264795 31 28
464 306496354 0 5498 0.244795 0.264755 30 34
465 306496354 0 5498 0.244754 0.264702 31 33
466 306496354 0 5494 0.244989 0.264791 24 33
467 306496354 0 5495 0.245123 0.26495 29 29
468 306496354 0 5495 0.245513 0.265344 22 27
469 306496354 0 5493 0.245967 0.265726 33 51
470 306496354 0 5473 0.25311 0.27146 28 222
471 306496354 0 5379 0.279375 0.297852 25 809
472 306496354 0 5175 0.312508 0.332249 26 1264
473 306496354 0 5022 0.329407 0.347357 37 730
474 306496354 0 4964 0.332932 0.351219 28 235
475 306496354 0 4952 0.332401 0.350866 26 49
476 306496354 0 4951 0.332047 0.35043 35 29
477 306496354 0 4952 0.332027 0.349817 26 25
478 306496354 0 4953 0.330929 0.348766 41 20
479 306496354 0 4953 0.330776 0.348176 30 25
480 306496354 0 4953 0.331406 0.348231 27 24
481 306496354 0 4952 0.330615 0.347668 28 20
482 306496354 0 4956 0.33008 0.347555 38 28
483 306496354 0 4958 0.329534 0.347146 31 20
484 306496354 0 4957 0.329172 0.347225 23 25
485 306496354 0 4958 0.329441 0.347703 36 39
486 306496354 0 4960 0.328417 0.347587 37 18
487 306496354 0 4959 0.328445 0.346916 31 27
488 306496354 0 4959 0.327747 0.345927 44 29
489 306496354 0 4959 0.327151 0.345678 25 20
490 306496354 0 4960 0.326289 0.345122 46 27
491 306496354 0 4958 0.326334 0.34507 27 22
492 306496354 0 4958 0.325643 0.344683 29 25
493 306496354 0 4956 0.325412 0.344608 31 31
494 306496354 0 4955 0.324822 0.343495 35 23
495 306496354 0 4955 0.324255 0.343236 36 23
496 306496354 0 4954 0.324115 0.342408 33 26
497 306496354 0 4954 0.32392 0.342513 31 31
498 306496354 0 4955 0.322564 0.341994 38 26
499 306496354 0 4955 0.322034 0.341727 28 20
500 306496354 0 4956 0.32198 0.341831 31 30
501 306496354 0 4955 0.320656 0.340715 39 24
502 306496354 0 4956 0.32039 0.340261 41 33
503 306496354 0 4958 0.320934 0.340419 24 29
504 306496354 0 4957 0.319946 0.339456 36 25
505 306496354 0 4956 0.318972 0.338922 32 21
506 306496354 0 4954 0.318616 0.338694 33 30
507 306496354 0 4952 0.318918 0.339133 29 35
508 306496354 0 4948 0.318311 0.338281 40 30
509 306496354 0 4946 0.318263 0.337943 27 25
510 306496354 0 4947 0.318786 0.33851 25 32
511 306496354 0 4946 0.318817 0.33859 35 23
512 306496354 0 4946 0.318236 0.337958 34 19
513 306496354 0 4948 0.318289 0.337559 34 22
514 306496354 0 4948 0.318451 0.337143 37 28
515 306496354 0 4949 0.317616 0.33611 42 23
516 306496354 0 4947 0.317533 0.335465 27 27
517 306496354 0 4941 0.317697 0.335097 24 41
518 306496354 0 4929 0.318642 0.336431 34 89
519 306496354 0 4877 0.320118 0.337993 29 182
520 306496354 0 4796 0.324274 0.342677 25 293
521 306496354 0 4680 0.326914 0.344741 24 386
522 306496354 0 4554 0.33212 0.349077 33 426
523 306496354 0 4400 0.329395 0.347536 39 378
524 306496354 0 4293 0.329067 0.347935 28 312
525 306496354 0 4239 0.329775 0.347528 36 167
526 306496354 0 4215 0.329518 0.347011 23 76
527 306496354 0 4196 0.327931 0.345177 31 55
528 306496354 0 4192 0.327725 0.345503 31 30
529 306496354 0 4190 0.326357 0.344193 30 20
530 306496354 0 4183 0.325144 0.343727 31 33
531 306496354 0 4180 0.325687 0.344083 19 25
532 306496354 0 4179 0.324995 0.343763 26 24
533 306496354 0 4180 0.324107 0.343562 27 30
534 306496354 0 4178 0.322874 0.341804 34 17
535 306496354 0 4180 0.322208 0.341195 33 20
536 306496354 0 4176 0.322309 0.340892 30 32
537 306496354 0 4172 0.321301 0.339564 35 24
538 306496354 0 4172 0.321726 0.339178 29 32
539 306496354 0 4170 0.320868 0.338614 29 18
540 306496354 0 4165 0.319812 0.337836 36 28
541 306496354 0 4165 0.319387 0.338012 31 25
542 306496354 0 4165 0.31949 0.337982 24 24
543 306496354 0 4159 0.318518 0.33704 33 31
544 306496354 0 4157 0.318444 0.336579 29 30
545 306496354 0 4154 0.317468 0.335768 32 23
546 306496354 0 4151 0.316268 0.334268 39 20
547 306496354 0 4150 0.31588 0.334049 29 33
548 306496354 0 4152 0.315198 0.333069 35 22
549 306496354 0 4150 0.315036 0.332184 28 19
550 306496354 0 4146 0.314558 0.331337 29 31
551 306496354 0 4143 0.313805 0.330677 37 24
552 306496354 0 4143 0.313923 0.331124 28 30
553 306496354 0 4145 0.313082 0.330076 42 20
554 306496354 0 4148 0.312052 0.329284 40 22
555 306496354 0 4149 0.312203 0.328776 27 22
556 306496354 0 4151 0.311794 0.32834 29 22
557 306496354 0 4155 0.312114 0.328534 27 32
558 306496354 0 4153 0.3126 0.328271 19 22
559 306496354 0 4151 0.31269 0.328297 32 33
560 306496354 0 4149 0.311932 0.327677 25 23
561 306496354 0 4149 0.311568 0.326916 29 27
562 306496354 0 4151 0.312082 0.32696 27 27
563 306496354 0 4146 0.310652 0.325746 39 26
564 306496354 0 4148 0.311059 0.326161 35 31
565 306496354 0 4148 0.31065 0.325561 32 26
566 306496354 0 4148 0.310208 0.32471 32 21
567 306496354 0 4144 0.309502 0.324086 32 20
568 306496354 0 4143 0.308533 0.323464 31 23
569 306496354 0 4144 0.308207 0.323441 24 19
570 306496354 0 4143 0.307939 0.323191 25 25
571 306496354 0 4143 0.30639 0.321871 41 24
572 306496354 0 4143 0.306406 0.321819 30 26
573 306496354 0 4140 0.305253 0.320729 39 25
574 306496354 0 4140 0.304418 0.319692 32 21
575 306496354 0 4141 0.303741 0.318628 32 17
576 306496354 0 4139 0.303674 0.318783 27 32
577 306496354 0 4141 0.302511 0.317419 40 21
578 306496354 0 4145 0.302128 0.316734 39 22
579 306496354 0 4144 0.301459 0.316419 31 29
580 306496354 0 4145 0.302275 0.316684 24 33
581 306496354 0 4146 0.301382 0.315653 38 23
582 306496354 0 4146 0.299799 0.314305 41 17
583 306496354 0 4146 0.30053 0.314396 19 29
584 306496354 0 4144 0.300166 0.313728 32 26
585 306496354 0 4148 0.299162 0.312913 36 15
586 306496354 0 4148 0.298686 0.3129 33 30
587 306496354 0 4149 0.298053 0.31255 34 20
588 306496354 0 4149 0.297688 0.312534 34 31
589 306496354 0 4149 0.297435 0.312416 29 32
590 306496354 0 4149 0.297856 0.31278 26 33
591 306496354 0 4147 0.297994 0.313195 30 36
592 306496354 0 4148 0.2972 0.312788 33 25
593 306496354 0 4149 0.296558 0.312751 33 26
594 306496354 0 4151 0.296501 0.312704 36 29
595 306496354 0 4150 0.296606 0.313314 18 31
596 306496354 0 4146 0.295072 0.312119 35 23
597 306496354 0 4145 0.294472 0.311905 25 20
598 306496354 0 4147 0.293969 0.311671 27 18
599 306496354 0 4143 0.293112 0.310605 37 31
600 306496354 0 4143 0.292457 0.31052 35 26
601 306496354 0 4143 0.292417 0.31046 28 30
602 306496354 0 4143 0.291867 0.310032 33 36
603 306496354 0 4144 0.291564 0.309514 37 27
604 306496354 0 4145 0.29122 0.309907 23 19
605 306496354 0 4143 0.290664 0.309078 31 24
606 306496354 0 4144 0.289936 0.30843 30 27
607 306496354 0 4145 0.289256 0.308242 25 21
608 306496354 0 4145 0.289201 0.30739 33 28
609 306496354 0 4146 0.289175 0.306911 31 23
610 306496354 0 4149 0.288672 0.306705 32 23
611 306496354 0 4147 0.289555 0.307061 25 36
612 306496354 0 4148 0.28965 0.307391 22 24
613 306496354 0 4146 0.289055 0.307384 30 25
614 306496354 0 4147 0.289018 0.307457 33 27
615 306496354 0 4145 0.288351 0.30616 36 31
616 306496354 0 4142 0.28767 0.30528 29 19
617 306496354 0 4141 0.287616 0.305265 33 29
618 306496354 0 4140 0.286687 0.304502 34 24
619 306496354 0 4139 0.286629 0.303313 28 22
620 306496354 0 4138 0.286034 0.303422 33 27
621 306496354 0 4138 0.285137 0.303247 45 34
622 306496354 0 4141 0.285084 0.303376 37 31
623 306496354 0 4139 0.284581 0.30344 38 33
624 306496354 0 4142 0.283985 0.302799 36 25
625 306496354 0 4139 0.284722 0.303026 25 35
626 306496354 0 4136 0.284414 0.302931 35 33
627 306496354 0 4137 0.284358 0.302541 30 23
628 306496354 0 4140 0.284519 0.302227 33 23
629 306496354 0 4139 0.283524 0.3015 37 23
630 306496354 0 4137 0.283931 0.301764 20 31
631 306496354 0 4139 0.283491 0.301707 37 31
632 306496354 0 4138 0.282592 0.300782 30 26
633 306496354 0 4138 0.282762 0.300542 32 27
634 306496354 0 4142 0.282817 0.300253 32 30
635 306496354 0 4141 0.282432 0.300404 33 37
636 306496354 0 4140 0.281898 0.299907 20 22
637 306496354 0 4140 0.281626 0.299643 24 24
638 306496354 0 4138 0.281224 0.299645 22 22
639 306496354 0 4139 0.280853 0.299889 29 27
640 306496354 0 4138 0.280855 0.299402 27 21
641 306496354 0 4138 0.279599 0.297963 41 19
642 306496354 0 4140 0.279244 0.29796 32 23
643 306496354 0 4140 0.279958 0.297428 29 25
644 306496354 0 4139 0.278921 0.296577 34 21
645 306496354 0 4135 0.278962 0.295929 20 29
646 306496354 0 4134 0.279018 0.2964 29 33
647 306496354 0 4135 0.278705 0.296593 32 31
648 306496354 0 4137 0.278079 0.295678 37 17
649 306496354 0 4137 0.278621 0.29603 32 35
650 306496354 0 4138 0.277726 0.295814 33 22
651 306496354 0 4141 0.27681 0.295109 32 18
652 306496354 0 4140 0.276269 0.295208 21 22
653 306496354 0 4138 0.275497 0.294537 32 25
654 306496354 0 4138 0.274534 0.293704 34 18
655 306496354 0 4140 0.274517 0.293518 31 22
656 306496354 0 4138 0.273195 0.292854 31 20
657 306496354 0 4136 0.272795 0.292424 28 22
658 306496354 0 4138 0.272365 0.292391 33 27
659 306496354 0 4139 0.271749 0.291797 38 27
660 306496354 0 4138 0.270786 0.290614 38 20
661 306496354 0 4140 0.271138 0.290969 19 31
662 306496354 0 4140 0.271182 0.290866 26 22
663 306496354 0 4141 0.270292 0.290048 31 22
664 306496354 0 4143 0.271219 0.290672 32 39
665 306496354 0 4140 0.270051 0.290317 35 26
666 306496354 0 4141 0.270081 0.290103 34 29
667 306496354 0 4142 0.270243 0.289949 25 23
668 306496354 0 4141 0.270205 0.289987 28 34
669 306496354 0 4139 0.270924 0.290457 19 36
670 306496354 0 4139 0.270099 0.289628 36 25
671 306496354 0 4139 0.269555 0.289236 30 19
672 306496354 0 4139 0.269504 0.288513 31 20
673 306496354 0 4139 0.268751 0.287802 30 22
674 306496354 0 4140 0.268633 0.287255 41 27
675 306496354 0 4139 0.268081 0.286337 28 25
676 306496354 0 4141 0.267598 0.285841 30 18
677 306496354 0 4142 0.267437 0.285724 32 27
678 306496354 0 4145 0.266834 0.284766 38 25
679 306496354 0 4145 0.267198 0.284853 31 36
680 306496354 0 4144 0.266489 0.284429 27 16
681 306496354 0 4144 0.266374 0.283835 30 23
682 306496354 0 4143 0.265983 0.282957 31 22
683 306496354 0 4146 0.266639 0.283597 26 30
684 306496354 0 4144 0.266514 0.283842 33 32
685 306496354 0 4144 0.266031 0.282987 21 13
686 306496354 0 4143 0.265262 0.282642 36 28
687 306496354 0 4142 0.264715 0.280982 38 23
688 306496354 0 4144 0.264233 0.280568 35 23
689 306496354 0 4143 0.263133 0.279403 40 27
690 306496354 0 4141 0.263297 0.279578 28 29
691 306496354 0 4141 0.263799 0.279607 27 30
692 306496354 0 4139 0.264301 0.279962 26 35
693 306496354 0 4138 0.263689 0.279849 34 32
694 306496354 0 4139 0.26357 0.279583 24 18
695 306496354 0 4141 0.263708 0.278985 34 23
696 306496354 0 4139 0.262816 0.278457 32 27
697 306496354 0 4142 0.263377 0.278596 27 25
698 306496354 0 4139 0.262981 0.278261 31 28
699 306496354 0 4138 0.262522 0.277306 36 29
700 306496354 0 4136 0.261953 0.276803 38 35
701 306496354 0 4139 0.262054 0.276604 42 30
702 306496354 0 4139 0.261793 0.276162 36 37
703 306496354 0 4139 0.261121 0.275645 32 20
704 306496354 0 4142 0.260616 0.275641 37 30
705 306496354 0 4138 0.260242 0.274741 34 35
706 306496354 0 4139 0.260041 0.274188 36 31
707 306496354 0 4139 0.260108 0.273863 32 27
708 306496354 0 4140 0.259933 0.273982 23 23
709 306496354 0 4142 0.25935 0.273664 36 25
710 306496354 0 4141 0.258631 0.273275 34 36
711 306496354 0 4141 0.259606 0.273734 26 37
712 306496354 0 4143 0.259326 0.274155 32 25
713 306496354 0 4142 0.258534 0.273609 34 23
714 306496354 0 4143 0.257834 0.272963 32 21
715 306496354 0 4141 0.257796 0.273032 28 27
716 306496354 0 4143 0.257507 0.272454 29 25
717 306496354 0 4145 0.258063 0.273311 29 34
718 306496354 0 4140 0.257325 0.272927 28 30
719 306496354 0 4140 0.256898 0.273015 24 26
720 306496354 0 4141 0.257055 0.27294 32 28
721 306496354 0 4141 0.257145 0.273294 21 22
722 306496354 0 4145 0.25726 0.273631 31 34
723 306496354 0 4141 0.257197 0.273072 39 40
724 306496354 0 4142 0.256915 0.272511 34 30
725 306496354 0 4142 0.256487 0.27257 28 31
726 306496354 0 4140 0.256495 0.27205 27 26
727 306496354 0 4142 0.256174 0.272086 35 28
728 306496354 0 4145 0.256304 0.272515 33 30
729 306496354 0 4143 0.255414 0.271743 30 19
730 306496354 0 4143 0.255198 0.270777 30 28
731 306496354 0 4142 0.255696 0.270631 27 30
732 306496354 0 4140 0.25557 0.270937 16 23
733 306496354 0 4139 0.255049 0.270727 35 28
734 306496354 0 4136 0.25332 0.270097 33 19
735 306496354 0 4135 0.253413 0.26997 28 26
736 306496354 0 4136 0.253469 0.270099 27 24
737 306496354 0 4135 0.253517 0.270433 24 34
738 306496354 0 4136 0.252502 0.269924 38 31
739 306496354 0 4135 0.251825 0.26929 29 30
740 306496354 0 4136 0.251924 0.269646 30 31
741 306496354 0 4139 0.251205 0.268961 38 25
742 306496354 0 4138 0.251685 0.269222 28 28
743 306496354 0 4141 0.251511 0.268949 35 24
744 306496354 0 4140 0.251376 0.268216 28 24
745 306496354 0 4141 0.250291 0.268352 35 28
746 306496354 0 4144 0.250204 0.268186 35 31
747 306496354 0 4141 0.249591 0.267821 32 29
748 306496354 0 4145 0.249875 0.267879 31 26
749 306496354 0 4145 0.249075 0.267496 31 25
750 306496354 0 4148 0.248832 0.266876 36 28
751 306496354 0 4151 0.249212 0.266562 32 25
752 306496354 0 4153 0.24931 0.266782 29 24
753 306496354 0 4154 0.248564 0.26704 34 27
754 306496354 0 4153 0.248997 0.267296 29 30
755 306496354 0 4153 0.249174 0.267414 31 30
756 306496354 0 4150 0.24906 0.268279 25 30
757 306496354 0 4149 0.248815 0.267507 33 24
758 306496354 0 4145 0.248499 0.267734 26 29
759 306496354 0 4144 0.248265 0.267153 28 25
760 306496354 0 4142 0.248563 0.266611 29 32
761 306496354 0 4141 0.248758 0.26601 28 31
762 306496354 0 4144 0.247541 0.26572 35 24
763 306496354 0 4146 0.246603 0.265637 32 24
764 306496354 0 4145 0.246699 0.265613 29 32
765 306496354 0 4140 0.246521 0.265217 25 28
766 306496354 0 4140 0.246226 0.264607 27 23
767 306496354 0 4140 0.245866 0.265233 33 40
768 306496354 0 4141 0.245947 0.265446 26 26
769 306496354 0 4139 0.245397 0.264735 26 26
770 306496354 0 4141 0.244655 0.264151 31 27
771 306496354 0 4139 0.245446 0.263543 30 30
772 306496354 0 4139 0.246156 0.263945 24 28
773 306496354 0 4137 0.246614 0.2644 25 30
774 306496354 0 4137 0.24597 0.263827 35 31
775 306496354 0 4136 0.245506 0.26328 29 26
776 306496354 0 4136 0.245542 0.263072 28 25
777 306590899 94545 6072 0.0807471 0.0975214 9296 35
778 306682357 91458 6076 0.0855206 0.101933 27 119
779 306682357 0 6075 0.0913586 0.108326 33 180
780 306682357 0 6074 0.0985852 0.114246 25 177
781 306682357 0 6073 0.102949 0.119387 29 150
782 306682357 0 6072 0.108292 0.123871 31 155
783 306682357 0 6069 0.11323 0.129347 30 162
784 306682357 0 6067 0.120553 0.137698 34 216
785 306682357 0 6055 0.131962 0.148147 29 330
786 306682357 0 6030 0.155499 0.17088 32 632
787 306682357 0 5986 0.180305 0.195106 22 721
788 306682357 0 5960 0.194651 0.207604 22 404
789 306682357 0 5950 0.196884 0.210106 31 114
790 306682357 0 5946 0.199575 0.212291 25 87
791 306682357 0 5942 0.201536 0.214966 22 89
792 306682357 0 5935 0.203048 0.216384 32 83
793 306682357 0 5927 0.204193 0.217203 32 83
794 306682357 0 5922 0.205459 0.218476 34 77
795 306682357 0 5917 0.206797 0.219651 31 60
796 306682357 0 5913 0.207627 0.220884 27 60
797 306682357 0 5914 0.208203 0.221524 31 53
798 306682357 0 5911 0.208519 0.221249 38 49
799 306682357 0 5907 0.209153 0.221765 32 49
800 306682357 0 5908 0.209678 0.222853 35 50
801 306682357 0 5907 0.210479 0.223552 24 51
802 306682357 0 5908 0.21171 0.224654 28 56
803 306682357 0 5905 0.211902 0.225117 28 41
804 306682357 0 5903 0.213172 0.226023 29 55
805 306682357 0 5902 0.213551 0.226245 26 38
806 306682357 0 5900 0.21324 0.226351 36 37
807 306682357 0 5902 0.213943 0.227539 29 45
808 306682357 0 5903 0.214755 0.228398 28 44
809 306682357 0 5904 0.215244 0.228929 28 42
810 306682357 0 5901 0.215462 0.228333 24 31
811 306682357 0 5902 0.215638 0.22761 39 30
812 306682357 0 5900 0.214804 0.226889 38 29
813 306682357 0 5899 0.214987 0.227046 28 32
814 306682357 0 5900 0.214555 0.22666 35 27
815 306682357 0 5898 0.214466 0.226571 28 35
816 306682357 0 5901 0.214168 0.226864 35 36
817 306682357 0 5901 0.214923 0.226853 25 27
818 306682357 0 5900 0.214931 0.22654 28 27
819 306682357 0 5900 0.214978 0.22678 32 30
820 306682357 0 5899 0.214866 0.226587 34 30
821 306682357 0 5901 0.214662 0.226506 30 19
822 306682357 0 5901 0.215035 0.22633 36 31
823 306682357 0 5902 0.215921 0.227016 19 27
824 306682357 0 5900 0.216027 0.227302 31 44
825 306682357 0 5870 0.220866 0.23235 21 211
826 306682357 0 5781 0.240936 0.253173 24 723
827 306682357 0 5555 0.261454 0.27387 32 1095
828 306682357 0 5406 0.27095 0.284696 28 662
829 306682357 0 5350 0.273764 0.287326 36 236
830 306682357 0 5345 0.273973 0.287562 33 59
831 306682357 0 5343 0.274217 0.28772 27 31
832 306682357 0 5343 0.273736 0.287685 29 29
833 306682357 0 5342 0.273253 0.286486 39 25
834 306682357 0 5342 0.273641 0.286534 26 32
835 306682357 0 5343 0.272776 0.28592 35 19
836 306682357 0 5344 0.272924 0.286159 31 32
837 336949546 30267189 6684 0.0780264 0.0989782 8506 32
838 337071598 122052 6687 0.0814269 0.102332 29 109
839 337143259 71661 6687 0.088489 0.108489 25 200
840 337143259 0 6683 0.0940725 0.113635 31 163
841 337143259 0 6684 0.0993362 0.11928 30 150
842 337143259 0 6683 0.103916 0.123541 26 140
843 337143259 0 6680 0.108233 0.128295 35 171
844 337143259 0 6677 0.114629 0.135344 33 211
845 337143259 0 6671 0.124769 0.145246 32 329
846 337143259 0 6658 0.144415 0.164238 33 558
847 337143259 0 6625 0.16677 0.186426 27 706
848 337143259 0 6602 0.17796 0.197156 36 393
849 337143259 0 6593 0.181726 0.200879 33 141
850 337143259 0 6588 0.182636 0.202082 27 78
851 337143259 0 6587 0.183763 0.203847 33 79
852 337143259 0 6584 0.185632 0.205125 28 76
853 337143259 0 6582 0.187071 0.20583 33 69
854 337143259 0 6578 0.188078 0.206692 36 68
855 337143259 0 6578 0.189322 0.208369 35 61
856 337143259 0 6574 0.190468 0.210083 26 69
857 337143259 0 6570 0.191047 0.210565 28 53
858 337143259 0 6569 0.192502 0.211507 19 56
859 337143259 0 6563 0.192615 0.211688 37 48
860 337143259 0 6564 0.193175 0.212116 37 49
861 337143259 0 6561 0.193769 0.212513 30 45
862 337143259 0 6559 0.194296 0.212546 30 48
863 337143259 0 6557 0.195086 0.213927 29 59
864 337143259 0 6556 0.195673 0.214537 25 43
865 337143259 0 6556 0.195908 0.214885 36 43
866 337143259 0 6556 0.195853 0.214846 40 37
867 337143259 0 6555 0.196649 0.215348 34 46
868 337143259 0 6555 0.196631 0.215499 31 32
869 337143259 0 6554 0.197211 0.216066 28 41
870 337143259 0 6551 0.197131 0.215845 39 41
871 337143259 0 6550 0.197216 0.215542 31 35
872 337143259 0 6550 0.198348 0.21641 25 50
873 337143259 0 6542 0.200301 0.218281 34 96
874 337143259 0 6534 0.203991 0.222408 29 162
875 337143259 0 6505 0.210168 0.229155 27 273
876 337143259 0 6482 0.221455 0.240764 26 377
877 337143259 0 6442 0.232922 0.250631 36 402
878 337143259 0 6389 0.240971 0.259772 28 381
879 337143259 0 6362 0.245833 0.265246 36 229
880 337143259 0 6349 0.249514 0.268933 38 159
881 337143259 0 6347 0.251656 0.270915 31 90
882 337143259 0 6343 0.251972 0.271059 37 48
883 337143259 0 6343 0.252042 0.271813 23 39
884 337143259 0 6340 0.252632 0.27209 35 50
885 337143259 0 6296 0.255782 0.274632 31 204
886 337143259 0 6161 0.266666 0.284512 34 665
887 337143259 0 5918 0.283001 0.299486 36 1027
888 337143259 0 5757 0.290118 0.30637 28 606
889 337143259 0 5726 0.292761 0.310409 33 180
890 337143259 0 5719 0.292808 0.31008 31 43
891 337143259 0 5715 0.292532 0.309679 39 33
892 337143259 0 5712 0.292962 0.310503 27 37
893 337143259 0 5713 0.292473 0.309791 39 26
894 337143259 0 5712 0.292047 0.309505 37 35
895 337143259 0 5711 0.292054 0.309198 32 31
896 337143259 0 5711 0.292029 0.309466 32 39
897 337143259 0 5709 0.292051 0.309515 27 35
898 337143259 0 5705 0.292326 0.309663 23 34
899 337143259 0 5703 0.291933 0.309137 41 34
900 337143259 0 5701 0.292282 0.309823 28 43
901 337143259 0 5698 0.292356 0.309464 34 31
902 337143259 0 5698 0.292309 0.30961 30 32
903 337143259 0 5696 0.292004 0.30925 34 34
904 337143259 0 5693 0.292364 0.30993 21 33
905 337143259 0 5689 0.292533 0.310126 22 37
906 337143259 0 5689 0.292706 0.310361 24 33
907 337143259 0 5686 0.292667 0.310591 17 31
908 337143259 0 5686 0.292241 0.3103 30 20
909 337143259 0 5688 0.292053 0.310585 24 24
910 337143259 0 5687 0.292047 0.310084 33 33
911 337143259 0 5685 0.291743 0.310235 27 36
912 337143259 0 5682 0.292018 0.310574 29 37
913 337143259 0 5682 0.291421 0.310409 33 22
914 337143259 0 5680 0.29193 0.310989 23 39
915 337143259 0 5680 0.292204 0.311138 27 37
916 337143259 0 5679 0.292415 0.311404 24 36
917 337143259 0 5677 0.292143 0.311532 30 31
918 337143259 0 5675 0.292759 0.312031 20 40
919 337143259 0 5673 0.292856 0.312438 22 37
920 337143259 0 5669 0.293018 0.312311 22 35
921 337143259 0 5667 0.292889 0.312325 29 29
922 337143259 0 5667 0.292663 0.312217 25 27
923 337143259 0 5665 0.292968 0.312492 20 37
924 337143259 0 5660 0.292099 0.311908 34 36
925 337143259 0 5657 0.291616 0.311863 26 29
926 337143259 0 5653 0.292061 0.31206 27 39
927 337143259 0 5653 0.292517 0.312404 21 32
928 337143259 0 5651 0.293538 0.313296 15 40
929 337143259 0 5649 0.293501 0.313682 27 35
930 337143259 0 5648 0.293671 0.313906 31 38
931 337143259 0 5644 0.293481 0.313708 33 36
932 337143259 0 5638 0.293659 0.314078 23 41
933 337143259 0 5628 0.294753 0.315033 31 75
934 337143259 0 5575 0.295466 0.31497 13 157
935 337143259 0 5494 0.295828 0.31547 24 238
936 337143259 0 5370 0.294926 0.314539 19 327
937 337143259 0 5233 0.294291 0.313736 25 376
938 337143259 0 5084 0.289568 0.30818 30 318
939 337143259 0 4991 0.286311 0.304656 28 217
940 337143259 0 4931 0.28374 0.30309 30 159
941 337143259 0 4909 0.28298 0.302544 30 82
942 337143259 0 4904 0.282872 0.302276 23 45
943 337143259 0 4901 0.283914 0.302654 33 47
944 337143259 0 4898 0.283504 0.302532 29 34
945 337143259 0 4896 0.283319 0.302537 26 29
946 337143259 0 4895 0.283491 0.302902 27 33
947 337143259 0 4893 0.28406 0.303091 22 36
948 337143259 0 4888 0.284395 0.303222 23 36
949 337143259 0 4882 0.284547 0.304176 21 43
950 337143259 0 4879 0.285483 0.304516 29 41
951 337143259 0 4878 0.285655 0.30523 20 34
952 337143259 0 4874 0.286415 0.305874 19 38
953 337143259 0 4869 0.286313 0.306529 19 39
954 337143259 0 4866 0.286881 0.306887 27 43
955 337143259 0 4862 0.286867 0.306676 23 23
956 337143259 0 4860 0.287556 0.306961 20 32
957 337143259 0 4857 0.288201 0.307495 17 36
958 337143259 0 4857 0.289031 0.308111 17 33
959 337143259 0 4852 0.289074 0.307679 23 34
960 337143259 0 4849 0.289358 0.307724 12 24
961 337143259 0 4848 0.290276 0.308935 12 43
962 337143259 0 4843 0.291374 0.309632 14 45
963 337143259 0 4842 0.291839 0.310475 14 36
964 337143259 0 4840 0.292398 0.311169 19 40
965 337143259 0 4836 0.292962 0.312035 14 39
966 337143259 0 4833 0.293343 0.312083 19 25
967 337143259 0 4832 0.293494 0.312482 19 35
968 337143259 0 4830 0.293819 0.312877 16 35
969 337143259 0 4826 0.293738 0.31284 19 38
970 337143259 0 4824 0.293896 0.313201 26 34
971 337143259 0 4823 0.294672 0.313841 17 37
972 337143259 0 4821 0.294324 0.314005 26 30
973 337143259 0 4817 0.29456 0.313851 18 25
974 337143259 0 4815 0.294636 0.313858 22 28
975 337143259 0 4812 0.29491 0.314489 15 31
976 337143259 0 4807 0.294973 0.315218 19 35
977 337143259 0 4807 0.295489 0.315946 22 37
978 337143259 0 4805 0.295988 0.316115 19 30
979 337143259 0 4804 0.296465 0.31636 13 28
980 337143259 0 4799 0.297184 0.317097 13 37
981 337143259 0 4798 0.298226 0.317951 10 35
982 337143259 0 4798 0.29888 0.318251 25 37
983 337143259 0 4795 0.29906 0.318556 18 32
984 337143259 0 4795 0.299113 0.318686 29 31
985 337143259 0 4791 0.298507 0.318413 27 33
986 337143259 0 4787 0.298188 0.318279 21 34
987 337143259 0 4785 0.298636 0.318748 24 39
988 337143259 0 4782 0.299207 0.319313 16 35
989 337143259 0 4779 0.299745 0.319829 17 36
990 337143259 0 4778 0.300471 0.320577 26 46
991 337143259 0 4776 0.302075 0.322287 8 45
992 337143259 0 4770 0.30293 0.323737 14 50
993 337143259 0 4769 0.303126 0.324644 13 31
994 337143259 0 4769 0.30402 0.325617 16 34
995 337143259 0 4767 0.306039 0.326881 7 39
996 337143259 0 4766 0.307494 0.328045 10 38
997 337143259 0 5963 0.108746 0.129779 7621 33
998 337143259 0 5963 0.113816 0.134365 6 122
999 337143259 0 5963 0.122175 0.141882 12 185
