149 0
140 0
129 2
132 4
151 2
135 7
136 10
141 8
115 6
135 18
136 15
142 20
124 23
128 16
122 13
143 18
121 28
113 24
119 25
137 30
132 21
103 22
109 25
100 20
115 28
135 27
111 32
118 29
120 29
130 39
125 29
116 22
128 23
115 26
107 22
138 25
130 22
127 35
121 30
120 23
131 22
116 21
129 25
120 23
108 29
102 22
124 24
113 35
140 30
99 50
117 48
122 43
101 40
110 53
116 47
131 45
113 47
111 56
107 58
112 56
109 55
103 54
117 46
114 45
108 43
130 52
122 44
119 53
129 48
110 48
125 47
96 50
104 50
107 50
124 52
107 52
121 43
108 47
110 50
100 50
138 47
101 42
122 54
103 48
113 62
121 61
132 44
108 44
122 69
109 55
85 66
126 49
107 57
126 51
121 34
102 49
106 58
119 53
124 63
124 63
107 63
112 78
115 60
114 75
106 63
110 68
118 71
121 64
96 68
108 49
109 67
136 65
104 81
96 83
107 72
115 62
99 79
118 60
101 76
97 66
123 55
95 66
109 84
104 65
120 67
94 71
117 60
108 64
86 64
98 60
124 64
126 57
102 73
109 61
111 72
99 61
96 68
103 66
113 75
119 64
113 75
103 83
124 58
106 63
111 73
129 69
116 79
121 69
114 57
99 67
103 86
110 49
110 68
96 70
102 57
101 77
92 66
120 64
124 73
103 64
112 81
98 54
104 76
98 57
89 72
88 57
104 64
118 63
87 70
125 58
106 67
111 60
107 83
102 61
113 69
110 62
125 76
111 77
105 71
111 68
104 70
104 71
101 71
103 60
120 49
99 65
111 65
120 56
124 76
98 61
122 74
123 64
104 73
101 79
134 59
109 71
91 77
104 64
114 86
116 68
102 79
105 66
104 56
94 71
90 63
108 72
102 56
122 70
95 62
101 51
94 59
110 59
103 68
110 64
84 73
102 72
100 78
113 66
91 85
110 56
119 56
84 72
96 62
113 60
105 72
97 69
104 66
113 57
111 68
103 57
111 59
90 55
95 60
105 65
102 60
104 72
117 59
118 63
108 67
103 62
86 70
90 59
102 52
105 65
113 70
113 77
103 60
102 64
122 66
97 80
104 72
107 72
110 46
114 74
99 61
121 70
124 75
115 55
119 69
99 86
113 64
92 73
119 64
99 61
104 64
100 66
96 80
94 74
120 57
105 56
111 77
109 78
91 61
99 58
122 66
106 62
107 75
106 66
101 74
103 55
100 68
119 74
118 65
115 61
122 63
99 64
112 71
122 78
120 60
108 57
112 59
134 78
100 70
113 85
106 75
111 66
102 71
100 75
110 64
91 71
116 64
124 65
108 75
87 79
112 64
106 62
104 68
112 93
91 59
110 66
91 73
125 69
80 58
120 70
94 61
104 73
113 60
112 79
110 66
108 80
87 70
120 68
112 61
111 59
101 62
94 62
110 70
87 69
110 66
96 77
92 63
85 82
112 63
113 54
87 70
120 68
125 67
94 76
97 70
100 62
90 94
100 56
104 60
105 78
107 66
99 73
104 60
98 66
98 70
89 48
102 70
112 59
98 61
111 74
114 62
99 75
100 70
113 73
99 71
129 80
95 62
90 54
116 70
88 65
97 78
105 58
107 72
109 78
116 68
83 68
89 75
78 73
116 85
109 66
88 58
99 60
95 58
112 69
117 73
112 70
114 56
113 75
104 78
104 68
108 84
97 77
102 70
96 72
119 83
100 71
95 71
93 72
106 74
97 71
86 67
90 68
88 53
90 69
81 71
97 77
107 60
95 77
86 66
86 85
89 71
109 71
109 74
107 69
109 60
93 64
104 53
110 59
104 56
82 78
99 51
106 76
87 76
87 68
98 60
119 64
115 59
111 76
103 58
105 66
106 63
116 74
86 76
107 60
111 69
100 70
101 79
90 77
94 66
107 66
99 59
96 65
118 88
103 52
125 56
100 76
118 56
111 53
101 69
95 58
111 76
105 64
107 64
100 57
85 65
91 73
93 76
104 63
79 57
86 62
111 53
107 79
90 62
108 83
108 77
100 74
111 80
96 63
84 66
120 61
88 74
120 67
107 64
99 48
99 65
96 78
92 68
100 85
107 73
103 82
90 61
95 74
104 81
87 71
105 62
102 70
90 79
84 65
96 69
105 77
92 69
113 57
104 66
77 90
86 75
90 73
103 80
104 66
126 72
122 76
88 69
94 51
95 86
107 56
106 58
104 60
95 68
104 61
108 74
103 73
101 69
99 72
100 61
94 85
87 84
88 67
111 69
100 68
103 57
111 61
113 72
84 67
87 58
96 57
101 76
91 69
102 73
89 68
107 63
112 76
88 74
112 83
105 82
112 69
86 68
111 77
105 75
94 59
103 77
121 91
81 74
105 70
93 67
112 74
92 64
106 71
105 56
90 90
101 71
90 72
107 67
106 72
105 74
97 84
124 60
88 65
89 60
91 83
103 70
106 67
96 63
102 70
103 82
86 71
96 59
90 68
84 57
93 74
87 53
108 92
85 79
97 77
87 76
105 61
93 67
108 75
112 69
108 65
105 61
111 61
89 73
108 69
97 73
95 69
112 65
94 89
128 83
103 62
91 68
80 67
131 67
89 73
101 69
113 78
92 65
103 80
113 71
108 65
105 74
108 80
98 78
105 72
86 78
106 85
104 88
90 73
97 79
98 79
98 57
92 69
109 68
104 66
105 66
98 78
98 70
94 53
114 69
93 65
83 77
95 70
97 71
101 65
106 77
102 57
114 63
103 76
111 74
116 57
103 72
106 75
100 78
94 69
96 69
111 74
89 76
108 64
108 77
102 80
92 71
88 75
111 70
118 80
81 87
103 99
118 49
117 77
98 84
117 74
106 80
104 81
120 75
96 69
104 78
96 83
102 73
101 74
107 82
86 78
99 68
101 91
95 65
108 59
101 66
81 71
110 82
102 57
112 83
100 85
92 74
103 73
100 77
103 79
94 70
94 86
103 76
96 72
99 84
98 70
109 63
99 83
101 80
106 74
108 72
95 76
105 80
105 74
89 79
92 71
91 68
88 66
80 77
83 59
101 57
96 81
106 73
118 87
107 75
91 66
105 73
100 67
102 86
108 89
107 62
117 85
92 62
99 68
106 87
106 76
101 77
102 86
99 75
85 81
105 84
92 67
90 71
113 85
84 87
108 77
105 85
99 73
74 100
103 76
89 67
104 71
96 72
101 74
105 68
87 57
98 77
94 64
102 67
100 79
91 74
91 70
93 83
99 83
84 75
101 68
96 75
83 70
107 75
104 71
96 68
90 81
92 85
115 63
95 74
93 71
93 67
108 71
84 85
108 79
100 79
102 85
106 75
108 79
105 69
118 78
104 88
98 74
85 82
92 77
96 72
106 69
122 72
91 83
107 79
101 86
95 79
115 66
89 76
75 63
103 69
107 62
102 72
108 69
96 78
99 74
115 59
94 72
97 57
81 61
92 70
100 69
94 76
85 86
112 72
87 88
94 79
101 79
109 83
101 78
109 61
97 61
118 78
95 63
93 87
106 74
74 74
99 62
96 61
103 66
108 83
88 71
104 85
110 84
100 90
91 71
95 72
105 75
92 75
91 68
100 87
80 60
109 68
95 75
89 92
101 89
97 86
101 72
90 85
107 64
92 78
91 67
104 82
92 84
85 77
104 81
95 83
94 61
90 86
92 89
92 87
86 87
86 84
111 78
97 70
102 77
103 77
108 54
101 81
87 88
97 72
112 85
102 88
87 88
92 70
97 87
94 92
99 65
106 74
97 76
103 83
98 77
93 70
88 72
93 74
83 83
112 101
97 81
93 84
79 78
112 80
87 90
80 85
95 70
124 75
105 77
98 84
111 76
93 78
83 82
96 69
113 74
95 67
88 80
101 82
108 86
89 83
101 71
98 57
100 72
81 78
89 75
96 102
100 61
103 82
102 84
85 86
106 85
92 91
92 59
95 86
101 93
83 72
79 68
96 90
94 90
99 72
100 82
98 79
103 87
115 87
98 93
97 73
81 84
87 97
91 78
87 91
78 86
74 76
89 72
87 79
90 74
87 97
73 83
91 76
78 101
82 84
89 86
84 91
76 68
81 78
83 69
88 78
77 77
80 96
79 81
69 78
74 87
74 79
89 66
77 86
69 90
78 87
90 99
95 78
80 83
71 88
70 88
70 98
87 93
77 79
74 79
84 81
91 94
80 81
75 91
82 75
79 88
81 88
73 90
80 69
67 87
88 77
76 83
67 106
55 93
66 78
47 72
70 85
57 97
64 99
53 97
64 88
58 88
50 86
54 90
62 89
60 79
48 77
60 95
58 62
45 88
53 93
56 87
63 91
62 86
57 85
53 97
55 93
48 82
56 105
51 97
48 75
53 101
56 96
54 76
62 90
55 91
69 95
59 95
39 102
57 83
60 72
44 95
52 97
40 112
38 109
32 96
35 109
52 105
35 98
27 110
30 114
22 101
