38 0
50 0
39 4
50 0
40 1
43 2
43 2
42 5
56 5
44 7
31 10
26 7
43 8
36 10
37 6
44 7
42 12
40 6
37 4
29 8
39 10
51 9
34 10
33 7
39 9
32 10
48 10
27 8
36 9
45 9
3490 6
34 7
34 7
38 8
46 8
26 13
33 12
28 12
36 11
35 16
32 9
42 14
42 13
37 18
36 12
32 23
40 16
35 19
45 10
33 101
33 89
32 98
50 103
23 105
41 115
3088 97
34 107
37 95
39 113
28 96
43 97
36 100
42 100
41 98
30 107
39 106
32 87
33 111
42 104
31 93
31 111
33 102
40 99
26 92
32 183
33 156
38 177
43 173
39 168
32 189
36 162
50 172
32 175
36 188
36 174
43 176
30 173
37 199
30 185
3479 161
38 90
33 112
28 86
32 103
33 93
37 110
35 101
28 98
36 81
29 100
35 91
25 117
37 104
30 104
35 106
40 98
35 94
38 106
37 172
26 159
39 185
35 173
34 173
3100 198
37 118
41 96
27 108
36 100
40 94
33 119
38 79
26 115
30 121
36 124
34 114
40 111
30 100
34 119
30 88
29 97
28 87
40 93
34 203
37 173
28 170
45 161
29 193
34 192
35 184
29 203
30 178
31 169
39 167
42 151
38 180
48 195
32 194
33 179
3488 167
27 82
34 90
31 99
38 82
29 91
25 100
34 102
30 104
35 105
42 93
35 80
40 112
24 100
30 103
35 98
32 96
34 103
30 117
24 158
43 170
35 184
28 186
782 161
39 115
25 102
37 94
36 120
26 111
33 111
29 105
38 93
28 104
37 95
35 110
39 126
34 107
30 106
24 112
41 98
31 112
39 100
45 123
36 146
38 124
30 111
40 121
22 124
32 124
34 134
25 131
26 126
40 128
28 130
39 107
37 121
26 117
38 120
46 136
3468 126
27 38
37 53
32 37
29 54
26 35
33 43
30 46
36 50
31 43
21 38
32 54
36 41
27 29
41 46
37 50
38 49
33 47
36 37
23 107
37 112
38 116
31 110
31 120
33 120
33 106
39 119
43 109
26 108
33 93
33 113
26 121
29 110
27 100
32 100
25 99
33 115
24 93
35 93
29 101
32 105
41 110
30 107
32 86
39 99
45 103
29 101
32 112
38 91
33 101
27 94
27 106
27 116
28 107
32 111
33 101
33 100
29 112
31 91
3471 112
31 19
27 26
28 17
33 16
33 22
31 18
26 21
39 18
32 21
27 28
29 19
34 19
39 25
34 22
28 17
27 26
31 20
29 24
23 109
31 101
34 110
31 110
25 113
35 105
32 95
39 107
30 112
38 99
28 106
34 105
36 98
30 102
27 88
35 101
30 96
36 102
25 97
29 108
31 124
44 96
37 104
25 98
30 93
28 96
29 118
34 102
39 109
37 104
29 118
33 111
32 106
28 86
32 125
28 98
30 110
26 102
25 97
26 113
3465 101
37 18
26 30
26 17
35 23
27 18
24 20
31 20
36 18
34 26
30 21
34 24
30 18
29 14
34 21
32 27
29 17
26 19
27 19
35 108
37 91
22 105
34 116
21 104
22 104
30 106
28 114
40 88
26 105
30 97
42 108
33 106
27 102
26 102
32 123
32 100
24 96
35 98
28 105
36 108
31 99
32 114
28 107
41 89
35 93
30 106
27 99
39 94
35 113
39 106
23 113
32 97
30 102
38 117
20 125
26 89
27 85
24 97
36 106
3480 124
33 18
24 25
30 31
40 20
25 20
38 19
30 22
29 19
41 19
36 19
26 24
26 25
30 21
38 22
36 27
38 19
29 28
38 18
38 106
29 115
36 91
24 109
27 108
23 97
29 104
31 108
44 100
37 97
31 113
35 120
23 114
41 107
31 102
29 106
36 92
41 101
34 103
27 107
35 104
38 104
33 124
43 106
36 101
33 86
29 103
23 105
30 104
28 130
26 117
36 113
34 96
28 107
34 106
31 104
36 110
38 107
28 87
29 121
3480 96
37 26
32 17
32 27
36 19
31 22
31 22
22 25
38 10
40 25
37 29
32 27
49 24
26 23
20 17
31 21
31 25
29 15
27 24
33 114
38 109
33 109
33 101
25 96
24 90
25 108
28 104
34 96
29 100
33 99
36 116
29 100
29 90
33 110
19 134
31 103
27 133
27 100
33 112
33 97
36 100
32 111
40 92
35 97
25 90
43 112
25 110
24 111
29 105
33 109
31 109
33 101
24 122
36 115
25 106
33 107
32 113
36 119
32 105
3467 119
25 34
35 19
32 21
34 28
30 22
35 19
23 14
19 27
26 25
27 10
34 26
29 21
31 23
32 31
31 16
29 27
33 26
30 25
30 108
39 95
29 101
34 98
30 106
26 104
40 114
40 101
33 110
36 127
35 114
32 127
33 100
26 116
24 110
22 89
43 113
35 111
31 91
30 104
38 123
26 108
28 89
23 107
34 114
29 110
33 132
34 100
27 87
30 128
39 110
34 98
34 101
34 121
21 97
34 92
31 101
28 102
30 121
26 110
3473 92
34 21
18 26
25 20
32 18
28 29
26 26
32 19
28 25
23 22
39 23
24 22
37 18
31 22
29 19
32 20
33 21
40 26
29 28
23 109
35 108
38 103
20 110
32 108
23 121
46 120
29 114
34 104
30 107
23 105
27 105
31 115
25 108
37 93
33 114
43 118
27 95
26 95
26 116
24 91
29 99
28 118
30 111
26 96
25 92
28 104
28 109
42 101
34 98
35 105
37 114
35 116
23 118
18 105
33 102
26 97
30 109
36 130
25 86
3467 113
38 26
27 21
32 21
46 22
21 23
25 21
28 23
24 21
33 17
27 27
34 22
28 18
32 26
15 25
38 26
23 26
31 26
30 21
33 108
27 113
33 102
38 102
29 112
37 116
35 81
35 102
41 109
46 121
23 101
36 115
23 100
40 133
30 108
26 110
34 96
40 117
31 121
20 114
34 106
21 121
29 109
32 107
33 106
24 106
31 100
29 103
30 120
19 100
32 103
31 105
30 96
22 112
32 111
39 102
27 98
37 101
21 95
28 107
3463 101
29 15
33 30
20 14
25 28
25 36
26 24
35 19
37 35
32 30
38 27
31 22
36 26
30 26
25 24
25 20
36 25
33 27
17 24
30 117
34 102
36 102
42 118
34 119
35 115
36 104
30 123
46 104
38 113
23 125
22 99
38 121
35 98
27 89
34 103
33 115
28 101
28 110
28 103
29 103
30 108
33 115
21 98
18 110
32 125
21 124
24 111
23 83
29 115
18 108
23 120
23 99
24 100
23 121
17 108
37 111
26 102
21 122
30 94
3474 114
27 21
22 15
27 18
20 27
26 24
27 34
28 17
27 32
20 32
24 21
25 23
26 24
32 23
26 25
24 18
27 30
25 19
22 25
22 99
25 114
25 93
20 111
20 99
21 114
26 118
17 107
14 112
18 122
14 101
14 107
16 117
15 118
19 129
28 117
21 99
22 106
23 99
20 104
15 114
14 107
17 109
17 100
17 116
17 122
20 116
11 135
14 97
13 104
17 114
20 90
20 103
16 109
9 103
13 115
12 122
16 117
8 111
11 118
3453 123
13 34
15 37
