0 987218 987218 14 0.180525 0.240639 50 0
1 1867081 879863 26 0.100335 0.192988 58 0
2 2707507 840426 36 0.104549 0.185543 53 4
3 3495407 787900 47 0.103764 0.162046 56 0
4 4277169 781762 56 0.0745805 0.152127 49 1
5 5188986 911817 67 0.0801143 0.142678 50 2
6 5935341 746355 78 0.0682062 0.135227 52 2
7 6741197 805856 90 0.0759275 0.124177 57 5
8 7778426 1037229 103 0.0736171 0.124453 70 5
9 8825696 1047270 117 0.0783629 0.134679 58 8
10 9263377 437681 123 0.0711316 0.128285 46 12
11 9739892 476515 129 0.0754202 0.131606 38 9
12 10318732 578840 137 0.0803329 0.119843 50 9
13 10977469 658737 146 0.077639 0.124035 49 13
14 11775555 798086 156 0.0758907 0.131043 50 12
15 12248928 473373 162 0.0759852 0.124945 49 9
16 12745110 496182 170 0.0720495 0.123758 51 15
17 13217416 472306 176 0.0674166 0.118663 48 12
18 13920568 703152 185 0.067957 0.119036 43 5
19 14398842 478274 191 0.0648691 0.126487 36 8
20 14909323 510481 197 0.0592418 0.121893 47 11
21 15687988 778665 206 0.0618741 0.116003 60 12
22 16063104 375116 211 0.0597707 0.109212 44 11
23 16697727 634623 219 0.0601061 0.107085 45 8
24 17176516 478789 225 0.0614801 0.102119 47 11
25 17503747 327231 229 0.0564805 0.093906 44 10
26 18074601 570854 236 0.0536927 0.0907731 55 12
27 18440237 365636 241 0.057232 0.0978156 31 10
28 19150427 710190 251 0.0608206 0.0991729 48 11
29 19783564 633137 260 0.059749 0.0948729 55 12
30 20542147 758583 269 0.0583572 0.0960223 56 9
31 21091757 549610 276 0.0583244 0.0990988 43 10
32 21717777 626020 283 0.0581677 0.104159 40 12
33 22159152 441375 290 0.054644 0.103691 47 11
34 22969641 810489 300 0.0521965 0.0986775 58 9
35 23447676 478035 307 0.0578893 0.100923 35 14
36 24072888 625212 313 0.0552264 0.10057 43 13
37 24427182 354294 319 0.055447 0.105949 38 14
38 24794020 366838 324 0.0538254 0.102486 40 11
39 25405939 611919 331 0.0577235 0.102647 46 17
40 25831481 425542 336 0.0526685 0.0949324 44 10
41 26318878 487397 343 0.0530544 0.0956788 47 16
42 26938810 619932 351 0.053643 0.0945967 52 16
43 27264178 325368 356 0.0543915 0.0957351 43 21
44 27915185 651007 364 0.057013 0.100616 45 16
45 28270802 355617 367 0.0572152 0.102884 42 25
46 28815276 544474 374 0.0584752 0.104008 48 20
47 29119812 304536 378 0.0592662 0.103481 41 21
48 29851774 731962 388 0.0574963 0.100805 52 13
49 30134834 283060 390 0.0568495 0.0967679 40 21
50 30562926 428092 396 0.0580965 0.0948256 41 16
51 31136394 573468 403 0.0586605 0.0935481 41 12
52 31830161 693767 410 0.0548874 0.0928657 58 18
53 32077789 247628 414 0.0593863 0.100481 28 24
54 32534642 456853 419 0.0571059 0.101441 47 18
55 32856574 321932 422 0.0593565 0.103146 35 22
56 33312860 456286 427 0.0619669 0.105508 44 21
57 33645442 332582 429 0.0565914 0.097699 44 18
58 33926188 280746 436 0.0573887 0.0962942 49 18
59 34163580 237392 439 0.0581624 0.0963804 31 17
60 34577384 413804 443 0.0548232 0.0936034 54 17
61 34967278 389894 449 0.0536018 0.0927437 46 21
62 35453709 486431 455 0.0547856 0.0877459 54 20
63 35915050 461341 460 0.0548991 0.0856062 46 17
64 36185305 270255 464 0.0536972 0.0860985 39 18
65 36635506 450201 469 0.056186 0.0863171 50 26
66 37153532 518026 474 0.0574263 0.0890187 41 21
67 37506862 353330 480 0.0577673 0.0895777 40 18
68 37904230 397368 484 0.0525814 0.0931288 50 25
69 38020592 116362 486 0.0573053 0.0939996 35 22
70 38084714 64122 486 0.0536269 0.0915712 36 27
71 38141622 56908 488 0.0581844 0.0952503 39 29
72 38494225 352603 492 0.0527497 0.0925954 45 16
73 38773693 279468 497 0.0542468 0.0899986 37 14
74 39223781 450088 502 0.0521398 0.0914598 39 22
75 39374357 150576 503 0.0529685 0.0905133 36 23
76 39723019 348662 510 0.0506762 0.0906726 46 16
77 40182859 459840 516 0.047393 0.0883474 54 17
78 40530746 347887 520 0.0488589 0.091444 45 25
79 40715663 184917 522 0.0473204 0.0884805 42 22
80 41140473 424810 527 0.0484662 0.0909288 44 21
81 41618522 478049 532 0.052616 0.0888547 60 34
82 41936676 318154 537 0.0502917 0.0873889 41 22
83 42509372 572696 543 0.0543309 0.088613 42 22
84 42875008 365636 549 0.0535086 0.0875734 45 20
85 43523397 648389 556 0.0545394 0.0848578 55 18
86 43629595 106198 558 0.0582329 0.0855984 39 26
87 43897452 267857 561 0.0548866 0.0848799 45 23
88 44077936 180484 564 0.0562264 0.0884248 42 31
89 44432825 354889 567 0.0569776 0.0868235 41 23
90 44904970 472145 573 0.0593467 0.0869585 51 27
91 45176099 271129 574 0.058038 0.085666 45 29
92 45443022 266923 576 0.0561202 0.0844887 40 24
93 45521268 78246 579 0.0578952 0.0835318 44 27
94 45743884 222616 583 0.0601223 0.0840575 37 25
95 45952939 209055 586 0.0550808 0.0858759 43 24
96 46280862 327923 590 0.0558324 0.085048 44 29
97 46761094 480232 595 0.0599801 0.0858528 41 33
98 47193850 432756 601 0.0605886 0.0867443 47 24
99 47597729 403879 603 0.0596587 0.0887578 37 28
100 47777058 179329 608 0.0609922 0.0882811 41 21
101 47872652 95594 609 0.0628588 0.0876907 33 28
102 48222921 350269 611 0.0593848 0.0836862 44 23
103 48424769 201848 615 0.0599581 0.0844945 38 21
104 48828648 403879 619 0.0576215 0.0792968 45 16
105 49337573 508925 624 0.0597115 0.0802361 48 23
106 49490186 152613 626 0.0573355 0.0773708 47 29
107 49820626 330440 632 0.0619754 0.0795731 46 29
108 49946089 125463 633 0.0584231 0.0774304 47 20
109 50071552 125463 636 0.0587239 0.0767874 34 22
110 50462226 390674 640 0.0572255 0.0750151 52 23
111 50907400 445174 646 0.0574803 0.0727453 40 16
112 51139720 232320 650 0.0589957 0.0723106 45 23
113 51625821 486101 655 0.0565906 0.0714839 48 25
114 52176074 550253 659 0.0607195 0.0742544 42 25
115 52422803 246729 663 0.0600729 0.0724593 47 18
116 52782360 359557 667 0.0602895 0.0742348 34 21
117 53004621 222261 670 0.0585984 0.0727654 48 24
118 53404727 400106 672 0.0585645 0.0739885 44 26
119 53404727 0 673 0.0592979 0.0756419 41 38
120 53722581 317854 678 0.0549917 0.0763923 49 20
121 54148615 426034 683 0.0585471 0.0800562 34 31
122 54347891 199276 686 0.0571921 0.0840714 40 31
123 54521731 173840 687 0.0584491 0.085716 39 42
124 54736777 215046 690 0.0568185 0.0856303 43 26
125 55056120 319343 693 0.0575544 0.0827694 46 25
126 55338192 282072 695 0.0569459 0.0809413 37 24
127 55490694 152502 699 0.0604274 0.0786058 39 27
128 55722387 231693 702 0.0589787 0.0780289 39 25
129 55907539 185152 704 0.0579142 0.0747305 37 20
130 56119495 211956 706 0.057721 0.0763242 33 24
131 56477682 358187 711 0.0557715 0.0787236 44 25
132 56692380 214698 713 0.0544508 0.0755499 40 32
133 180886965 124194585 2355 0.0399971 0.0764936 7947 19
134 181292545 405580 2358 0.0470959 0.0836174 39 107
135 181292545 0 2349 0.0549488 0.0909842 53 177
136 181292545 0 2331 0.0582587 0.0935914 36 130
137 181292545 0 2312 0.0610593 0.0959136 44 143
138 181292545 0 2294 0.065543 0.0995455 41 158
139 181292545 0 2276 0.0668706 0.101951 42 133
140 181292545 0 2255 0.0707383 0.108889 33 189
141 181292545 0 2235 0.0850293 0.122768 40 306
142 181292545 0 2207 0.118003 0.154995 46 530
143 181292545 0 2173 0.16389 0.19997 47 668
144 181292545 0 2142 0.179137 0.215487 43 347
145 181292545 0 2116 0.174999 0.211615 56 101
146 181292545 0 2092 0.169576 0.205332 42 76
147 181292545 0 2066 0.16484 0.199714 39 76
148 181292545 0 2044 0.157603 0.193378 49 61
149 181292545 0 2021 0.151242 0.187975 33 54
150 181292545 0 1999 0.143731 0.180073 43 55
151 181292545 0 1982 0.135214 0.172646 40 42
152 181292545 0 1966 0.128414 0.166648 42 50
153 181292545 0 1949 0.122209 0.158641 39 41
154 181292545 0 1933 0.115982 0.15283 39 50
155 181292545 0 1920 0.110423 0.148173 42 46
156 181292545 0 1911 0.107194 0.145593 38 48
157 181292545 0 1907 0.104297 0.143222 45 42
158 181292545 0 1894 0.0958428 0.134058 50 38
159 181292545 0 1883 0.0913461 0.12799 41 38
160 181292545 0 1881 0.0891226 0.125226 49 39
161 181292545 0 1867 0.0844141 0.119101 30 38
162 181292545 0 1862 0.0811833 0.115248 41 33
163 181292545 0 1859 0.0795238 0.113711 42 40
164 181292545 0 1851 0.0747888 0.108242 38 30
165 181292545 0 1849 0.0751566 0.106547 40 43
166 289234061 107941516 3772 0.0352332 0.0739629 9295 39
167 289290969 56908 3773 0.0396239 0.079385 33 125
168 289340315 49346 3756 0.045545 0.0839324 46 213
169 289340315 0 3725 0.0473771 0.0854809 37 179
170 289340315 0 3694 0.0491714 0.087343 35 181
171 289340315 0 3659 0.0567382 0.0938477 35 286
172 289340315 0 3616 0.0849303 0.119518 48 704
173 289340315 0 3557 0.133285 0.167911 33 1147
174 289340315 0 3503 0.166891 0.20028 48 865
175 289340315 0 3450 0.19954 0.230073 49 786
176 289340315 0 3392 0.234381 0.262669 43 805
177 289340315 0 3339 0.246338 0.272781 39 403
178 289340315 0 3301 0.242735 0.270157 37 116
179 289340315 0 3263 0.237366 0.264187 46 75
180 289340315 0 3225 0.232061 0.258565 41 87
181 289340315 0 3188 0.226012 0.253716 42 81
182 289340315 0 3154 0.221745 0.24974 40 76
183 289340315 0 3121 0.216396 0.243858 45 73
184 289340315 0 3091 0.211514 0.238871 39 63
185 289340315 0 3061 0.204281 0.233104 37 54
186 289340315 0 3031 0.199677 0.229146 34 70
187 289340315 0 3000 0.19262 0.221032 51 53
188 289340315 0 2973 0.186426 0.214515 40 47
189 289340315 0 2943 0.178284 0.206332 45 48
190 289340315 0 2917 0.170763 0.199311 56 51
191 289340315 0 2896 0.165013 0.193207 43 46
192 289340315 0 2872 0.159236 0.188073 44 52
193 289340315 0 2851 0.153137 0.182281 36 42
194 289340315 0 2821 0.143798 0.173512 44 43
195 289340315 0 2796 0.13721 0.16725 29 45
196 289340315 0 2777 0.131099 0.161703 37 42
197 289340315 0 2750 0.120936 0.152067 45 40
198 289340315 0 2737 0.118012 0.149245 31 45
199 289340315 0 2718 0.111749 0.143306 32 37
200 289340315 0 2701 0.104202 0.136331 46 41
201 289340315 0 2684 0.0985141 0.129585 32 30
202 289340315 0 2667 0.0910055 0.121889 49 35
203 289340315 0 2656 0.0878801 0.117761 42 54
204 289340315 0 2640 0.0958524 0.125802 33 199
205 289340315 0 2597 0.134469 0.164532 49 714
206 289340315 0 2546 0.195642 0.228375 56 1100
207 362219852 72879537 4727 0.0314426 0.077504 12837 638
208 362276760 56908 4724 0.0422149 0.0883399 33 314
209 362276760 0 4678 0.0476044 0.0915451 44 334
210 362276760 0 4628 0.0525806 0.0961186 38 343
211 362276760 0 4583 0.0620258 0.105162 41 434
212 362276760 0 4536 0.0737182 0.1161 40 501
213 362276760 0 4488 0.0869609 0.129783 43 549
214 362276760 0 4438 0.101192 0.145207 42 589
215 362276760 0 4381 0.118431 0.163088 41 659
216 362276760 0 4318 0.150206 0.194583 36 951
217 362276760 0 4247 0.187361 0.229352 29 1070
218 362276760 0 4182 0.202059 0.242275 42 597
219 362276760 0 4127 0.199511 0.238608 44 169
220 362276760 0 4083 0.19529 0.234951 37 99
221 362276760 0 4040 0.190907 0.230245 48 109
222 362276760 0 4001 0.185957 0.226024 45 89
223 362276760 0 3958 0.181944 0.221066 46 94
224 362276760 0 3916 0.176915 0.215278 44 90
225 362276760 0 3876 0.171705 0.209328 41 74
226 362276760 0 3839 0.165897 0.203702 32 61
227 362276760 0 3804 0.160943 0.198422 47 74
228 362276760 0 3768 0.15513 0.191661 49 66
229 362276760 0 3739 0.150317 0.1871 39 69
230 362276760 0 3709 0.146362 0.182778 36 74
231 362276760 0 3676 0.13971 0.175826 44 58
232 362276760 0 3643 0.132728 0.168294 38 45
233 362276760 0 3612 0.125566 0.161451 41 56
234 362276760 0 3588 0.119905 0.155281 53 40
235 362276760 0 3559 0.112996 0.149658 39 56
236 362276760 0 3529 0.105908 0.142718 38 55
237 362276760 0 3507 0.101749 0.137401 38 49
238 362276760 0 3484 0.0951856 0.131114 35 41
239 362276760 0 3465 0.0898668 0.126618 40 47
240 362276760 0 3444 0.0837416 0.120133 35 32
241 362276760 0 3428 0.0804864 0.116285 37 55
242 362276760 0 3408 0.0798134 0.11466 27 96
243 362276760 0 3389 0.0824923 0.116963 37 143
244 362276760 0 3359 0.088675 0.122832 37 264
245 362276760 0 3321 0.110378 0.144948 43 580
246 362276760 0 3271 0.173234 0.206607 38 1324
247 362276760 0 3194 0.269343 0.300747 42 1918
248 362276760 0 3120 0.318973 0.348678 53 1149
249 362276760 0 3059 0.32873 0.356994 36 395
250 362276760 0 3013 0.323371 0.352907 45 108
251 362276760 0 2976 0.317097 0.345714 47 50
252 362276760 0 2942 0.309348 0.336671 48 35
253 362276760 0 2906 0.30193 0.329097 39 35
254 362276760 0 4395 0.0487613 0.0970461 9523 30
255 362276760 0 4385 0.0523478 0.0987632 49 146
256 362276760 0 4347 0.052524 0.0977041 46 200
257 362276760 0 4318 0.0542326 0.0980402 35 168
258 362276760 0 4292 0.055034 0.098787 43 171
259 362276760 0 4266 0.0568529 0.0998844 32 159
260 362276760 0 4235 0.0571203 0.0997143 35 165
261 362276760 0 4205 0.0602942 0.102628 37 234
262 362276760 0 4163 0.0675813 0.109275 46 356
263 362276760 0 4103 0.0850134 0.124867 41 596
264 362276760 0 4043 0.11149 0.150605 38 793
265 362276760 0 3983 0.121624 0.159846 36 439
266 362276760 0 3937 0.118018 0.155713 39 113
267 362276760 0 3896 0.111989 0.150305 44 87
268 362276760 0 3858 0.105924 0.14499 34 77
269 362276760 0 3824 0.101126 0.14099 32 70
270 362276760 0 3784 0.0946151 0.134048 37 69
271 362276760 0 3751 0.0894516 0.128356 37 70
272 362276760 0 3724 0.0848075 0.123526 36 67
273 362276760 0 3699 0.081106 0.119697 34 68
274 362276760 0 3676 0.0760898 0.114534 46 57
275 362276760 0 3660 0.0736971 0.110744 42 54
276 362276760 0 3642 0.0712628 0.1081 30 62
277 362276760 0 3627 0.0687774 0.104506 35 48
278 362276760 0 3611 0.0657311 0.100179 45 53
279 362276760 0 3598 0.0639999 0.096548 47 51
280 362276760 0 3589 0.0630225 0.0952128 42 53
281 362276760 0 3581 0.0619271 0.0929621 33 43
282 362276760 0 3568 0.061912 0.0914648 36 82
283 362276760 0 3550 0.0609859 0.0908584 38 107
284 362276760 0 3526 0.0653422 0.0947172 35 212
285 362452757 175997 4730 0.028174 0.0715285 6770 371
286 362521312 68555 4720 0.0474955 0.0891778 35 526
287 362521312 0 4658 0.0667873 0.106386 45 702
288 362521312 0 4603 0.0818396 0.121279 41 589
289 362521312 0 4549 0.0934356 0.132583 33 485
290 362521312 0 4502 0.0972928 0.13471 43 288
291 362521312 0 4456 0.098501 0.135578 42 241
292 362521312 0 4407 0.106284 0.143663 51 402
293 362521312 0 4347 0.135035 0.173484 39 953
294 362521312 0 4272 0.196008 0.232673 51 1629
295 362521312 0 4189 0.241419 0.275981 36 1272
296 362521312 0 4120 0.253966 0.28634 43 512
297 362521312 0 4063 0.248951 0.281304 42 138
298 362521312 0 4013 0.242392 0.273888 41 63
299 362521312 0 3964 0.235735 0.267957 33 67
300 362521312 0 3920 0.22943 0.262087 42 58
301 362521312 0 3871 0.222707 0.255786 35 62
302 362521312 0 3832 0.216717 0.24921 47 47
303 362521312 0 3795 0.210548 0.243993 31 53
304 362521312 0 3759 0.203363 0.23693 33 33
305 362521312 0 3721 0.197061 0.230557 38 51
306 362521312 0 3682 0.188477 0.221555 51 43
307 362521312 0 3643 0.180596 0.214846 44 57
308 362521312 0 3608 0.172878 0.206857 35 39
309 362521312 0 3575 0.164787 0.19905 42 35
310 362521312 0 3544 0.158928 0.192899 40 55
311 362521312 0 3517 0.153813 0.18641 36 43
312 362521312 0 3483 0.146468 0.177826 48 51
313 362521312 0 3451 0.137097 0.168816 51 40
314 362521312 0 3422 0.129494 0.161201 45 46
315 362521312 0 3402 0.124378 0.155927 41 41
316 362521312 0 3373 0.117547 0.147626 44 35
317 362521312 0 3350 0.111581 0.140589 39 35
318 362521312 0 3329 0.105787 0.13413 35 32
319 362521312 0 3307 0.0995901 0.127665 43 47
320 362521312 0 3280 0.0932919 0.121456 37 48
321 362521312 0 3263 0.0888108 0.116657 41 46
322 362521312 0 3251 0.0865757 0.113805 34 52
323 362521312 0 3222 0.0834752 0.112363 30 132
324 362521312 0 3186 0.100537 0.13226 31 515
325 362521312 0 3126 0.131933 0.161847 30 778
326 362521312 0 3068 0.143728 0.17206 45 477
327 362521312 0 3031 0.144045 0.172055 38 177
328 362521312 0 3001 0.136124 0.163564 35 41
329 362521312 0 2974 0.12999 0.157974 37 58
330 362521312 0 2944 0.123688 0.151692 37 75
331 362521312 0 2916 0.124205 0.151469 31 154
332 362521312 0 2885 0.129796 0.155831 37 233
333 362521312 0 2851 0.141174 0.167918 47 367
334 362521312 0 2816 0.158145 0.186179 41 424
335 362521312 0 2777 0.169404 0.19763 39 347
336 362521312 0 2738 0.176608 0.202552 39 272
337 362521312 0 2707 0.177019 0.201364 36 144
338 362521312 0 2681 0.171593 0.197176 35 65
339 362521312 0 2657 0.164402 0.191317 41 46
340 362521312 0 2632 0.158226 0.185284 45 47
341 362521312 0 2612 0.150475 0.178305 40 30
342 362521312 0 2593 0.143572 0.172164 35 30
343 362521312 0 2569 0.136551 0.164237 33 32
344 362521312 0 2547 0.128437 0.155272 43 28
345 362521312 0 2530 0.120767 0.148006 44 32
346 362521312 0 2508 0.112129 0.140431 28 29
347 362521312 0 2496 0.107416 0.13569 41 39
348 362521312 0 2480 0.100173 0.128759 28 19
349 362521312 0 2471 0.0967178 0.125167 29 30
350 362521312 0 2461 0.0916508 0.119956 40 41
351 362521312 0 2454 0.0891216 0.11697 31 35
352 362521312 0 2455 0.0868925 0.113952 47 25
353 362521312 0 2453 0.0855057 0.111838 35 31
354 362521312 0 2447 0.0834726 0.109439 36 27
355 362521312 0 2447 0.0808247 0.107848 53 31
356 362521312 0 2446 0.0805839 0.1066 42 38
357 362521312 0 2444 0.077296 0.10403 35 27
358 362521312 0 2442 0.0760249 0.102419 38 28
359 362521312 0 2438 0.0741323 0.100941 37 38
360 362521312 0 2434 0.0744752 0.0988018 41 51
361 362521312 0 2430 0.0747574 0.0989119 28 59
362 362521312 0 2423 0.0774088 0.100952 47 119
363 362521312 0 2405 0.0858096 0.109699 33 229
364 362521312 0 2376 0.094685 0.116768 39 272
365 362521312 0 2345 0.105294 0.126266 38 286
366 362521312 0 2316 0.108333 0.132371 44 237
367 362521312 0 2291 0.112948 0.135856 36 199
368 362521312 0 2269 0.110989 0.133377 44 115
369 362521312 0 2249 0.1055 0.127273 42 66
370 362521312 0 2230 0.0984984 0.12046 37 45
371 362521312 0 2220 0.0947905 0.116562 30 32
372 362521312 0 2205 0.0876936 0.107746 46 38
373 362521312 0 2197 0.0829775 0.10179 42 27
374 362521312 0 2190 0.0783158 0.0971581 49 31
375 362521312 0 2192 0.077588 0.0972131 36 31
376 362521312 0 2187 0.0746574 0.0946189 41 39
377 362521312 0 2186 0.074761 0.0943705 33 29
378 362521312 0 2186 0.0728426 0.092687 48 38
379 362521312 0 2184 0.0725273 0.0931086 26 35
380 362521312 0 2182 0.0726575 0.0928992 27 36
381 362521312 0 2177 0.0711021 0.0913102 30 30
382 362521312 0 2174 0.0692565 0.0899918 32 26
383 362521312 0 2171 0.0686139 0.0885399 44 35
384 362521312 0 2174 0.0662607 0.086764 53 25
385 362521312 0 2176 0.0653462 0.0866122 40 34
386 362521312 0 2175 0.0663812 0.0863323 29 37
387 362521312 0 2174 0.065844 0.0854922 37 39
388 362521312 0 2178 0.0645095 0.0853636 46 29
389 362521312 0 2179 0.0647261 0.0850608 32 33
390 362521312 0 2180 0.0643822 0.0846255 44 26
391 362521312 0 2183 0.0649505 0.0846304 36 38
392 362521312 0 2180 0.0634573 0.0838097 37 34
393 362521312 0 2183 0.0629578 0.0832031 56 35
394 362521312 0 2189 0.0621606 0.0822122 46 23
395 362521312 0 2191 0.0623432 0.0818522 32 31
396 362521312 0 2191 0.0633572 0.08165 35 39
397 362521312 0 2193 0.0635182 0.0812503 35 33
398 362521312 0 2195 0.0632009 0.0803208 45 30
399 362521312 0 2193 0.0615148 0.0783746 42 34
400 362521312 0 2193 0.0608707 0.0776114 48 33
401 362521312 0 2193 0.0607849 0.0776766 34 34
402 362521312 0 2193 0.0591022 0.0765265 44 29
403 362521312 0 2193 0.0574084 0.0746603 43 25
404 362521312 0 2195 0.0580466 0.07425 35 26
405 362521312 0 2201 0.0582829 0.0745044 46 35
406 362521312 0 2199 0.0578831 0.0739625 28 35
407 362521312 0 2194 0.0562889 0.0724019 32 37
408 362521312 0 2191 0.0559309 0.0719982 28 31
409 362521312 0 2189 0.0558527 0.0711482 32 34
410 362521312 0 2193 0.0553375 0.0717855 38 31
411 362521312 0 2196 0.0549767 0.0709748 53 38
412 362521312 0 2198 0.0538081 0.0702601 42 32
413 362521312 0 2201 0.0550102 0.0705331 43 37
414 362521312 0 2201 0.0530514 0.069084 48 39
415 362521312 0 2201 0.053779 0.069373 29 35
416 362521312 0 2202 0.0523414 0.0677748 48 34
417 362521312 0 2203 0.0512759 0.0664655 41 27
418 362521312 0 2205 0.0527617 0.0668161 32 31
419 362521312 0 2208 0.051587 0.0660373 41 21
420 362521312 0 2209 0.0510769 0.0653808 46 35
421 362521312 0 2212 0.0507404 0.0649329 46 28
422 362521312 0 2213 0.0497967 0.0641012 30 27
423 362521312 0 2220 0.0502556 0.0652385 47 30
424 362521312 0 2230 0.0515167 0.066608 53 30
425 362521312 0 2229 0.0521291 0.0675113 39 47
426 362521312 0 2231 0.0521528 0.0668384 47 36
427 362521312 0 2233 0.0518848 0.0662481 41 33
428 362521312 0 2232 0.0500741 0.0646472 35 25
429 362521312 0 2232 0.0486018 0.0635302 38 28
430 362521312 0 2233 0.0489627 0.0641804 28 34
431 362521312 0 2234 0.0483798 0.0635824 39 28
432 362521312 0 2234 0.0490049 0.0648772 31 44
433 362521312 0 2235 0.0488023 0.0653067 33 38
434 362521312 0 2240 0.048459 0.0648185 47 31
435 362521312 0 2242 0.048208 0.0642237 44 32
436 362521312 0 2241 0.0482334 0.0638861 36 35
437 362521312 0 2245 0.0488475 0.0632381 44 24
438 362521312 0 2244 0.048658 0.0631416 40 37
439 362521312 0 2247 0.0491961 0.0642045 45 40
440 362521312 0 2251 0.0482075 0.0636803 49 30
441 362521312 0 2251 0.0473356 0.0621862 41 29
442 362521312 0 2256 0.0489241 0.0631681 40 34
443 362521312 0 2252 0.0470245 0.0599593 47 28
444 362521312 0 2259 0.0487476 0.0620048 44 36
445 362521312 0 2262 0.047978 0.0615393 38 31
446 362521312 0 2266 0.0489074 0.0623255 41 37
447 362521312 0 2273 0.0502637 0.0637162 43 31
448 362521312 0 2271 0.0491125 0.0625367 39 33
449 362521312 0 2273 0.0502536 0.0637566 36 39
450 362521312 0 2274 0.0509038 0.0638843 33 39
451 362521312 0 2273 0.0486175 0.0621619 48 28
452 362521312 0 2276 0.048416 0.0614656 45 35
453 362521312 0 2280 0.0491123 0.0626653 46 46
454 362521312 0 2280 0.0490864 0.0623749 40 42
455 362521312 0 2289 0.0487148 0.0638809 60 35
456 362521312 0 2291 0.0500451 0.0631203 34 28
457 362521312 0 2289 0.0500875 0.0620659 24 29
458 362521312 0 2287 0.0488653 0.0621077 39 41
459 362521312 0 2293 0.0485127 0.0625358 36 26
460 362521312 0 2293 0.047907 0.0612695 36 28
461 362521312 0 2295 0.048662 0.061981 36 38
462 362521312 0 2298 0.0496675 0.0624556 37 36
463 362521312 0 2299 0.0479201 0.0615255 47 30
464 362521312 0 2302 0.0489857 0.0629072 44 38
465 362521312 0 2304 0.048116 0.0621081 47 35
466 362521312 0 2306 0.0488723 0.0628938 32 35
467 362521312 0 2299 0.046983 0.0612798 34 32
468 362521312 0 2299 0.0475569 0.0607159 35 32
469 362521312 0 2298 0.0467783 0.0605216 37 35
470 362521312 0 2307 0.0477924 0.0622284 43 29
471 362521312 0 2303 0.0474159 0.0617261 33 41
472 362521312 0 2310 0.0479394 0.0626812 45 35
473 362521312 0 2315 0.0486352 0.0635873 45 42
474 362521312 0 2316 0.0489747 0.0629484 37 34
475 362521312 0 2313 0.0484903 0.0619565 35 39
476 362521312 0 2314 0.0480011 0.06126 38 32
477 362521312 0 2308 0.0484965 0.0616299 27 47
478 362521312 0 2309 0.0480502 0.0600388 41 27
479 362521312 0 2312 0.048669 0.0610459 34 33
480 362521312 0 2313 0.0494653 0.0610931 38 31
481 362521312 0 2316 0.0475734 0.0605862 39 25
482 362521312 0 2317 0.046902 0.0608103 43 33
483 362521312 0 2317 0.0462148 0.0602472 44 31
484 362521312 0 2321 0.0464292 0.0609185 41 36
485 362521312 0 2321 0.0454216 0.0599061 49 31
486 362521312 0 2324 0.045677 0.0601747 44 36
487 362521312 0 2324 0.0439378 0.0584612 34 22
488 362521312 0 2327 0.0437456 0.0590362 49 35
489 362521312 0 2328 0.0438362 0.0584306 34 33
490 362521312 0 2329 0.0442866 0.0584215 35 39
491 362521312 0 2327 0.0426626 0.0573079 39 29
492 362521312 0 2326 0.0422732 0.0568184 41 39
493 362521312 0 2327 0.0421818 0.055898 44 30
494 362521312 0 2330 0.0418719 0.0556057 40 34
495 362521312 0 2330 0.042511 0.0562139 34 42
496 362521312 0 2332 0.0413674 0.0547289 47 29
497 362521312 0 2330 0.0408953 0.0545853 32 31
498 362521312 0 2332 0.0419539 0.0554217 39 41
499 362521312 0 2334 0.0428011 0.056093 37 35
500 362521312 0 2333 0.0423342 0.0555514 46 40
501 362521312 0 2331 0.0416011 0.0550956 42 35
502 362521312 0 2332 0.0420386 0.0555512 32 31
503 362521312 0 2329 0.042486 0.0559846 36 50
504 362521312 0 2331 0.0413953 0.0555703 42 28
505 362521312 0 2332 0.0415197 0.0556988 39 34
506 362521312 0 2329 0.0410327 0.0556891 37 42
507 362521312 0 2329 0.0412154 0.0562915 37 40
508 362521312 0 2337 0.0416444 0.0569638 49 27
509 362521312 0 2334 0.0408346 0.0555206 31 23
510 362521312 0 2338 0.0426475 0.0571736 24 37
511 362521312 0 2334 0.0425808 0.0579731 36 44
512 362521312 0 2331 0.0404139 0.0560109 38 19
513 362521312 0 2337 0.041902 0.0569463 43 38
514 362521312 0 2334 0.0405548 0.0553325 35 28
515 362521312 0 2332 0.0402332 0.0549003 34 35
516 362521312 0 2334 0.041612 0.0556953 42 43
517 362521312 0 2332 0.0401346 0.0537355 38 26
518 362521312 0 2335 0.0405214 0.0551458 36 39
519 362521312 0 2336 0.0406732 0.0554475 38 33
520 362521312 0 2334 0.0406894 0.0551356 39 41
521 362521312 0 2335 0.0413835 0.0551843 37 38
522 362521312 0 2340 0.0403062 0.0545876 47 29
523 362521312 0 2343 0.0412429 0.0558299 34 38
524 362521312 0 2344 0.0403338 0.0549707 41 27
525 362521312 0 2340 0.0404801 0.055173 32 45
526 362521312 0 2340 0.0403467 0.0547048 30 29
527 362521312 0 2340 0.0384496 0.0532666 44 33
528 362521312 0 2341 0.0385214 0.0521461 48 32
529 362521312 0 2345 0.0389753 0.0526299 41 31
530 362521312 0 2348 0.0398147 0.0530943 47 41
531 362521312 0 2355 0.040521 0.0540057 45 29
532 362521312 0 2359 0.0399077 0.0540492 38 28
533 362521312 0 2359 0.0398697 0.0534772 44 34
534 362521312 0 2359 0.0393511 0.0527071 36 39
535 362521312 0 2359 0.0389721 0.0523281 33 30
536 362521312 0 2358 0.0380708 0.051675 30 26
537 362521312 0 2363 0.0389083 0.0532118 47 44
538 362521312 0 2365 0.0385345 0.0519036 47 34
539 362521312 0 2372 0.0391148 0.0529213 38 28
540 362521312 0 2377 0.0397806 0.0538792 41 34
541 362521312 0 2378 0.0395682 0.0538249 42 30
542 362521312 0 2381 0.0407111 0.0549281 31 34
543 362521312 0 2382 0.0402522 0.0544334 37 31
544 362521312 0 2376 0.0402182 0.0528433 27 35
545 362521312 0 2378 0.041993 0.0543603 42 47
546 362521312 0 2379 0.0407755 0.0545163 37 34
547 362521312 0 2383 0.0425475 0.0552419 43 41
548 362521312 0 2380 0.042226 0.0551892 41 44
549 362521312 0 2380 0.0413673 0.0547548 36 28
550 362521312 0 2379 0.0407124 0.0547001 36 34
551 362521312 0 2385 0.0421712 0.0554204 44 33
552 362521312 0 2385 0.0419457 0.0557225 38 43
553 362521312 0 2387 0.0420955 0.0567523 42 37
554 362521312 0 2387 0.0410608 0.0555254 37 26
555 362521312 0 2388 0.0418275 0.0557355 31 29
556 362521312 0 2391 0.0413661 0.0561826 41 36
557 362521312 0 2393 0.040885 0.0568693 39 38
558 362521312 0 2396 0.0401486 0.0563729 34 25
559 362521312 0 2395 0.0401284 0.056575 36 41
560 362521312 0 2397 0.0406434 0.0576487 32 31
561 362521312 0 2400 0.0409559 0.0572491 42 34
562 362521312 0 2406 0.0409149 0.058326 40 29
563 362521312 0 2401 0.0401626 0.0567327 23 30
564 362521312 0 2406 0.04125 0.0579284 31 26
565 362521312 0 2406 0.0405439 0.0570864 37 26
566 362521312 0 2405 0.0408764 0.057751 33 39
567 362521312 0 2404 0.0405888 0.0579397 34 35
568 362521312 0 2407 0.0411376 0.0580702 37 28
569 362521312 0 2405 0.0420543 0.0577231 37 39
570 362521312 0 2404 0.0412261 0.0570829 30 29
571 362521312 0 2408 0.042136 0.0576759 46 36
572 362521312 0 2403 0.0417402 0.0561974 33 40
573 362521312 0 2405 0.0418485 0.0567485 44 31
574 362521312 0 2407 0.0414465 0.0558139 41 35
575 362521312 0 2410 0.0411855 0.0561383 40 32
576 362521312 0 2413 0.0412806 0.0564698 36 31
577 362521312 0 2412 0.0396034 0.0547516 44 27
578 362521312 0 2413 0.0399891 0.054829 46 39
579 362521312 0 2414 0.0397453 0.0549373 36 38
580 362521312 0 2413 0.0399117 0.0556459 28 31
581 362521312 0 2415 0.0400477 0.0546688 41 29
582 362521312 0 2420 0.0389907 0.0542017 45 29
583 362521312 0 2422 0.0402318 0.0552517 27 37
584 362521312 0 2421 0.0393602 0.0541804 35 25
585 362521312 0 2422 0.0389094 0.0545335 33 29
586 362521312 0 2427 0.0382027 0.0544042 55 28
587 362521312 0 2428 0.0384018 0.0551216 37 39
588 362521312 0 2431 0.0399998 0.0559014 38 42
589 362521312 0 2431 0.0396262 0.0556459 39 39
590 362521312 0 2430 0.039346 0.0551529 32 33
591 362521312 0 2433 0.0399529 0.0545717 37 31
592 362521312 0 2432 0.0398164 0.0541555 37 37
593 362521312 0 2432 0.0396341 0.0533429 36 34
594 362521312 0 2432 0.0391335 0.052484 44 38
595 362521312 0 2433 0.0392958 0.0520475 37 37
596 362521312 0 2440 0.039432 0.0527291 48 28
597 362521312 0 2441 0.0393811 0.0535442 30 33
598 362521312 0 2441 0.0388842 0.0528187 36 21
599 362521312 0 2440 0.0399748 0.0532549 31 43
600 362521312 0 2443 0.0402902 0.0537351 32 30
601 362521312 0 2445 0.0407852 0.0535373 34 35
602 362521312 0 2443 0.0417427 0.0545575 33 46
603 362521312 0 2441 0.0410495 0.0532025 40 41
604 362521312 0 2441 0.0421541 0.0536237 32 41
605 362521312 0 2441 0.0424504 0.0536906 30 26
606 362521312 0 2442 0.0427158 0.0545512 36 39
607 362521312 0 2438 0.0426139 0.0539379 34 42
608 362521312 0 2439 0.0418457 0.0524844 52 32
609 362521312 0 2437 0.0420144 0.051886 43 39
610 362521312 0 2435 0.0406905 0.0517815 41 32
611 362521312 0 2440 0.0415746 0.0520683 38 26
612 362521312 0 2441 0.0415642 0.0522135 41 32
613 362521312 0 2445 0.0420581 0.0527497 31 27
614 362521312 0 2442 0.0427618 0.0532329 21 40
615 362521312 0 2443 0.0420653 0.0530451 41 35
616 362521312 0 2445 0.0431614 0.0530497 38 28
617 362521312 0 2445 0.043397 0.0537871 37 40
618 362521312 0 2445 0.0436335 0.0549221 40 43
619 362521312 0 2439 0.0414083 0.0528904 34 28
620 362521312 0 2439 0.0419147 0.0525996 33 31
621 362521312 0 2444 0.0416991 0.0530567 51 34
622 362521312 0 2447 0.042208 0.0544897 31 35
623 362521312 0 2449 0.0422979 0.0538736 45 31
624 362521312 0 2454 0.0421329 0.0533562 55 33
625 362521312 0 2454 0.042409 0.0530052 29 35
626 362521312 0 2455 0.0432944 0.0534581 32 33
627 362521312 0 2454 0.0420515 0.0526106 34 29
628 362521312 0 2454 0.0420788 0.0526363 32 34
629 362521312 0 2460 0.0425056 0.0535183 45 30
630 362521312 0 2457 0.0425267 0.0533199 35 42
631 362521312 0 2460 0.0427215 0.0533794 43 30
632 362521312 0 2460 0.0427395 0.052859 34 26
633 362521312 0 2463 0.0429147 0.0531423 38 37
634 362521312 0 2463 0.0438475 0.0536336 22 32
635 362521312 0 2463 0.0435601 0.0531954 49 42
636 362521312 0 2461 0.0429191 0.0526994 30 33
637 362521312 0 2458 0.0431541 0.0520511 38 38
638 362521312 0 2457 0.0421296 0.0502403 41 31
639 362521312 0 2456 0.0407947 0.0492313 43 34
640 362521312 0 2457 0.0418757 0.0511374 30 39
641 362521312 0 2460 0.0409503 0.0502067 39 20
642 362521312 0 2471 0.0428375 0.051326 48 24
643 362521312 0 2469 0.0425135 0.0508839 32 29
644 362521312 0 2473 0.0425697 0.0510111 41 27
645 362521312 0 2479 0.0429826 0.0517699 39 26
646 362521312 0 2485 0.0431071 0.0523061 46 29
647 362521312 0 2489 0.0433371 0.0521325 45 30
648 362521312 0 2491 0.0428648 0.0532868 56 48
649 362521312 0 2489 0.0425528 0.0536882 30 40
650 362521312 0 2488 0.0423475 0.0523214 44 43
651 362521312 0 2488 0.0428396 0.0518803 33 29
652 362521312 0 2493 0.0435502 0.053446 48 48
653 389919039 27397727 5181 0.0362953 0.0730263 12885 38
654 390036984 117945 5181 0.0408778 0.077439 35 159
655 390036984 0 5146 0.0445697 0.0788933 41 259
656 390116596 79612 5108 0.045157 0.0793706 49 214
657 390116596 0 5067 0.047619 0.080479 39 244
658 390116596 0 5025 0.0502255 0.0827232 25 241
659 390116596 0 4990 0.0524151 0.0838802 42 231
660 390116596 0 4942 0.0569235 0.0880108 28 318
661 390116596 0 4884 0.0654476 0.0974411 35 486
662 390116596 0 4816 0.0897221 0.120635 37 871
663 390116596 0 4746 0.121676 0.151166 37 1080
664 390116596 0 4677 0.135383 0.163718 33 609
665 390116596 0 4623 0.131788 0.160889 38 157
666 390116596 0 4569 0.125783 0.154691 34 117
667 390116596 0 4517 0.120748 0.149296 36 125
668 390116596 0 4466 0.11541 0.143053 28 100
669 390116596 0 4423 0.109494 0.136811 39 95
670 390116596 0 4386 0.104362 0.130568 38 76
671 390116596 0 4350 0.0995976 0.124744 34 76
672 390116596 0 4310 0.0942939 0.117561 28 71
673 390116596 0 4272 0.0876891 0.11197 38 76
674 390116596 0 4237 0.0811078 0.104743 49 70
675 390116596 0 4212 0.0776215 0.100884 38 75
676 390116596 0 4184 0.0716226 0.0948543 41 60
677 390116596 0 4158 0.06727 0.0895067 29 54
678 390116596 0 4139 0.0644433 0.0856929 39 58
679 390116596 0 4116 0.061366 0.0830516 28 59
680 390116596 0 4100 0.0580683 0.0803107 35 47
681 390116596 0 4083 0.0555366 0.0775367 42 64
682 390116596 0 4071 0.0542743 0.0766693 23 48
683 390116596 0 4064 0.0540986 0.0767299 31 57
684 390116596 0 4060 0.0540413 0.0766685 37 60
685 390116596 0 4051 0.0529319 0.0755513 32 48
686 390116596 0 4045 0.0524223 0.0741081 41 38
687 390116596 0 4036 0.0506425 0.0724874 46 55
688 390116596 0 4033 0.0509543 0.0723799 43 59
689 390116596 0 4028 0.0500294 0.0719806 46 51
690 390116596 0 4025 0.0505471 0.0725657 39 67
691 390116596 0 4001 0.0573273 0.0780016 42 268
692 390116596 0 3943 0.0875805 0.111141 34 946
693 390116596 0 3862 0.14073 0.164471 33 1483
694 390116596 0 3776 0.171345 0.192742 34 964
695 390116596 0 3715 0.16989 0.189496 48 253
696 390116596 0 3669 0.163278 0.182945 40 78
697 390116596 0 3627 0.154845 0.174784 24 40
698 390116596 0 3582 0.144402 0.164638 38 44
699 390116596 0 3544 0.136358 0.156191 41 41
700 390116596 0 3507 0.127053 0.146296 48 38
701 390116596 0 3469 0.118175 0.136118 50 33
702 390116596 0 3437 0.109399 0.126931 40 41
703 390116596 0 3406 0.101959 0.118036 41 49
704 390116596 0 3386 0.0965839 0.113192 44 42
705 390116596 0 3353 0.0866523 0.103888 38 44
706 390116596 0 3328 0.0790191 0.0962817 53 39
707 390116596 0 3308 0.0719004 0.0888069 42 40
708 390116596 0 3293 0.0682743 0.084859 28 44
709 390116596 0 3282 0.0647844 0.0804454 32 31
710 390116596 0 3276 0.0621276 0.0774968 46 51
711 390116596 0 3270 0.0591611 0.0756069 46 39
712 390116596 0 3261 0.0563883 0.0724828 37 35
713 390116596 0 3259 0.0556353 0.0719816 44 38
714 390116596 0 3257 0.0544548 0.0709929 39 45
715 390116596 0 3256 0.0545983 0.0707739 35 43
716 390116596 0 3253 0.0536049 0.0696232 34 33
717 390116596 0 3254 0.0547608 0.0702738 29 46
718 390116596 0 3251 0.0527819 0.0690663 39 33
719 390116596 0 3247 0.0530801 0.0689758 32 48
720 390116596 0 3244 0.0520373 0.0676647 42 42
721 390116596 0 3238 0.0516097 0.0668884 28 37
722 390116596 0 3231 0.0499081 0.0653976 24 35
723 390116596 0 3229 0.0504368 0.0653231 34 47
724 390116596 0 3225 0.0512136 0.0649536 32 48
725 390116596 0 3220 0.0500325 0.0638408 29 36
726 390116596 0 3220 0.0499804 0.0636411 32 35
727 390116596 0 3219 0.0507514 0.0647918 34 54
728 390116596 0 3211 0.0517409 0.0643823 30 64
729 390116596 0 3200 0.0539353 0.0686301 29 122
730 390116596 0 3174 0.0572514 0.0719663 30 204
731 390116596 0 3142 0.0707166 0.0841459 29 347
732 390116596 0 3100 0.0895481 0.101572 28 482
733 390116596 0 3055 0.110898 0.123968 23 570
734 390116596 0 3004 0.122189 0.134445 47 453
735 390116596 0 2959 0.130293 0.142316 32 346
736 390116596 0 2927 0.133021 0.144237 26 207
737 390116596 0 2890 0.127877 0.138601 35 107
738 390116596 0 2854 0.116446 0.12892 45 59
739 390116596 0 2830 0.10946 0.121216 33 40
740 390116596 0 2804 0.100447 0.111739 29 30
741 390116596 0 2786 0.0949192 0.105324 33 27
742 390116596 0 2768 0.090474 0.101235 27 45
743 390116596 0 2750 0.085494 0.0946589 30 40
744 390116596 0 2738 0.0807091 0.0904728 35 44
745 390116596 0 2724 0.0751926 0.0841982 36 38
746 390116596 0 2706 0.0691265 0.0782637 36 42
747 390116596 0 2699 0.0673552 0.0760442 25 44
748 390116596 0 2697 0.0658396 0.0743076 32 26
749 390116596 0 2696 0.0659813 0.0748084 29 35
750 390116596 0 2685 0.0632681 0.0721095 33 42
751 390116596 0 2682 0.0616871 0.0709215 43 36
752 390116596 0 2679 0.0611562 0.0695487 29 42
753 390116596 0 4926 0.0324063 0.0792394 9966 31
754 390116596 0 4923 0.0364407 0.0833175 37 146
755 390116596 0 4898 0.0399754 0.0847644 32 192
756 390116596 0 4863 0.0414791 0.0867087 28 206
757 390116596 0 4823 0.0408026 0.0859732 31 172
758 390116596 0 4784 0.0423237 0.0868158 30 206
759 390116596 0 4747 0.0426729 0.0865025 25 167
760 390116596 0 4704 0.0439927 0.0869533 26 214
761 390116596 0 4654 0.0511789 0.0932329 27 371
762 390116596 0 4589 0.0710653 0.112529 22 703
763 390116596 0 4508 0.094714 0.133926 28 831
764 390116596 0 4440 0.10215 0.140529 21 455
765 390116596 0 4388 0.0980391 0.136509 16 139
766 390116596 0 4339 0.0939998 0.130969 22 108
767 390116596 0 4292 0.0892282 0.125791 22 98
768 390116596 0 4259 0.0862141 0.121213 21 85
769 390116596 0 4219 0.082354 0.116926 22 92
770 390116596 0 4175 0.0772042 0.11204 21 91
771 390116596 0 4132 0.0713646 0.106673 26 86
772 390116596 0 4105 0.0688272 0.103697 31 88
773 390116596 0 4068 0.0643512 0.0988131 27 67
774 390116596 0 4037 0.0597289 0.092769 30 57
775 390116596 0 4010 0.0571056 0.0888693 26 65
776 390116596 0 3986 0.0539157 0.0834168 23 54
777 390116596 0 3969 0.0529355 0.081678 22 69
778 390116596 0 3951 0.0512215 0.0794776 18 65
779 390116596 0 3931 0.0490487 0.0763003 22 56
780 390116596 0 3918 0.0486704 0.0748825 22 50
781 390116596 0 3903 0.0479146 0.0733359 19 59
782 390116596 0 3886 0.046662 0.070848 21 64
783 390116596 0 3879 0.0466121 0.0708208 21 51
784 390116596 0 3866 0.0464785 0.0708468 15 73
785 390116596 0 3851 0.0454276 0.069102 17 55
786 390116596 0 3843 0.045809 0.0688165 20 54
787 390116596 0 3830 0.0446293 0.0674971 26 58
788 390116596 0 3823 0.0440027 0.0664655 28 49
789 390116596 0 3818 0.044133 0.0657776 24 41
790 390116596 0 3810 0.04473 0.0658913 23 69
791 390116596 0 3788 0.0518113 0.0719914 12 235
792 390116596 0 3733 0.081572 0.0999619 13 785
793 390116596 0 3668 0.129926 0.147801 15 1187
794 390116596 0 3588 0.150693 0.167451 17 714
795 390116596 0 3529 0.151295 0.168405 10 258
796 390116596 0 3475 0.142579 0.158513 12 58
797 390116596 0 3433 0.136066 0.152515 13 57
798 390116596 0 3392 0.128352 0.145632 15 52
799 390116596 0 3355 0.121663 0.138458 19 56
