0 2875554 2875554 37 0.0626845 0.256686 154 0
1 5390856 2515302 73 0.0650713 0.241435 143 0
2 7788154 2397298 103 0.0546434 0.227322 129 2
3 10260315 2472161 136 0.0612675 0.211922 142 2
4 12728793 2468478 167 0.0573111 0.212162 138 1
5 15152675 2423882 197 0.0516244 0.205512 145 6
6 17298988 2146313 225 0.0461172 0.204864 143 7
7 19194969 1895981 249 0.0461914 0.199598 123 11
8 21050410 1855441 272 0.0434111 0.198627 114 8
9 22964872 1914462 298 0.045586 0.201362 117 14
10 24853816 1888944 322 0.0453244 0.201042 128 16
11 26407431 1553615 342 0.0455553 0.199556 123 21
12 27904134 1496703 358 0.0408035 0.196429 122 31
13 30097713 2193579 382 0.0430663 0.194146 131 24
14 32509505 2411792 412 0.043079 0.197108 154 23
15 34284784 1775279 435 0.0429048 0.194653 118 24
16 35969531 1684747 454 0.0400161 0.187699 120 19
17 37576663 1607132 476 0.0399111 0.184581 122 20
18 39247418 1670755 496 0.0404625 0.185875 129 28
19 40600117 1352699 513 0.0407119 0.182249 121 29
20 42348080 1747963 534 0.0397752 0.184313 129 26
21 43938250 1590170 551 0.0412321 0.187 100 26
22 45736028 1797778 572 0.0402322 0.182188 129 26
23 47342040 1606012 593 0.0386789 0.178231 123 25
24 49136662 1794622 618 0.0386133 0.177587 125 20
25 50890506 1753844 642 0.0384488 0.177088 134 32
26 52560709 1670203 664 0.0390438 0.177897 118 27
27 54152746 1592037 684 0.0403646 0.181499 110 30
28 55674881 1522135 701 0.0392673 0.179544 116 26
29 57106535 1431654 719 0.0398087 0.180901 117 41
30 58685017 1578482 737 0.0380267 0.178875 121 22
31 60056017 1371000 753 0.037053 0.174258 109 21
32 61864468 1808451 776 0.0361383 0.171662 136 21
33 63289523 1425055 794 0.0360911 0.171257 106 24
34 64711321 1421798 812 0.0353614 0.169039 107 24
35 66420764 1709443 832 0.034464 0.166313 131 26
36 68410461 1989697 856 0.0363963 0.168284 135 30
37 70017812 1607351 875 0.034939 0.169684 123 32
38 71467343 1449531 895 0.0373972 0.171719 107 32
39 73372452 1905109 914 0.036272 0.168592 138 28
40 74790898 1418446 934 0.0349198 0.166948 126 27
41 76390734 1599836 958 0.0354238 0.168365 119 21
42 77694968 1304234 972 0.0373609 0.166912 101 38
43 78979849 1284881 987 0.0353411 0.162635 111 20
44 80460623 1480774 1005 0.0350619 0.163076 125 25
45 81587329 1126706 1018 0.0360434 0.162538 86 27
46 82885222 1297893 1034 0.0359775 0.159334 107 31
47 84115385 1230163 1047 0.0349925 0.155481 113 31
48 85302728 1187343 1062 0.0353905 0.153809 106 27
49 86180571 877843 1073 0.0367684 0.152993 107 41
50 87777313 1596742 1093 0.0364227 0.154202 140 42
51 89001923 1224610 1108 0.0366942 0.15409 129 57
52 90124580 1122657 1121 0.0363393 0.152902 123 42
53 91304452 1179872 1136 0.0364958 0.152788 118 43
54 92665765 1361313 1151 0.0402832 0.156672 112 59
55 93643309 977544 1165 0.0393348 0.159851 108 59
56 94707049 1063740 1177 0.0369219 0.157383 133 48
57 95684469 977420 1190 0.0381184 0.155058 112 54
58 96910049 1225580 1206 0.0378574 0.154268 114 37
59 98363986 1453937 1225 0.0390629 0.154308 112 38
60 99655073 1291087 1241 0.0385444 0.152944 124 52
61 100480179 825106 1251 0.0382066 0.153461 91 43
62 102069551 1589372 1269 0.0387792 0.15504 122 51
63 102588589 519038 1276 0.0385282 0.152436 110 64
64 103386893 798304 1285 0.0389766 0.152785 118 62
65 104448213 1061320 1299 0.0393185 0.153885 118 51
66 105645434 1197221 1313 0.0391637 0.152819 115 48
67 107258949 1613515 1333 0.0380078 0.152919 143 54
68 108472131 1213182 1348 0.0400501 0.151554 121 50
69 109542097 1069966 1361 0.0382765 0.149548 120 47
70 111222322 1680225 1381 0.0374958 0.146284 142 39
71 112056979 834657 1391 0.0384509 0.146401 108 53
72 113182421 1125442 1403 0.0392154 0.145536 109 46
73 114277131 1094710 1416 0.0405402 0.145602 111 60
74 114709244 432113 1422 0.0421849 0.143313 105 72
75 115731187 1021943 1434 0.0410798 0.142634 123 53
76 116566388 835201 1442 0.0396126 0.140403 125 51
77 117977226 1410838 1458 0.041063 0.140961 115 47
78 118592223 614997 1467 0.040912 0.140179 96 48
79 119657187 1064964 1479 0.0412503 0.139604 110 50
80 120892534 1235347 1493 0.0383186 0.137835 139 45
81 121583732 691198 1501 0.0386073 0.137073 103 51
82 122603609 1019877 1514 0.0386629 0.136285 116 49
83 123581948 978339 1526 0.0395102 0.13578 103 45
84 124230216 648268 1536 0.0386628 0.13635 98 50
85 125382359 1152143 1548 0.0388061 0.135974 120 51
86 126491530 1109171 1563 0.0398803 0.137523 126 65
87 127416434 924904 1573 0.0382714 0.136974 112 45
88 128456729 1040295 1587 0.0396065 0.138263 117 64
89 129862693 1405964 1603 0.0376704 0.136263 146 50
90 130743466 880773 1614 0.0395198 0.136854 112 68
91 131554607 811141 1624 0.0393181 0.137688 109 61
92 132503472 948865 1636 0.0392763 0.137131 112 49
93 133454714 951242 1647 0.0382144 0.135578 112 45
94 134818395 1363681 1664 0.0392314 0.134742 120 61
95 135599489 781094 1673 0.0390258 0.134592 97 48
96 136666724 1067235 1686 0.0385797 0.133803 115 48
97 137425519 758795 1696 0.038001 0.13387 84 34
98 138108711 683192 1704 0.0382442 0.133 117 68
99 138948377 839666 1713 0.0392591 0.132658 116 63
100 139780488 832111 1723 0.0390719 0.133713 101 59
101 140601247 820759 1733 0.0398667 0.132914 118 69
102 141600895 999648 1743 0.0409775 0.134943 104 66
103 142096663 495768 1751 0.0407007 0.134564 101 66
104 142789474 692811 1758 0.0406762 0.132533 114 63
105 143569895 780421 1765 0.039511 0.131512 114 57
106 144249375 679480 1775 0.0402243 0.13139 97 69
107 145113155 863780 1784 0.038834 0.129619 125 54
108 146018691 905536 1795 0.0396493 0.131013 99 63
109 147316889 1298198 1810 0.0391086 0.130441 120 50
110 148379788 1062899 1820 0.0393221 0.130472 122 60
111 148777796 398008 1827 0.0386963 0.128578 107 61
112 149259322 481526 1834 0.0404767 0.131112 92 87
113 150047165 787843 1842 0.0387652 0.12989 111 52
114 151083748 1036583 1853 0.039321 0.129726 109 63
115 151911173 827425 1862 0.0395256 0.128562 114 60
116 152555276 644103 1870 0.0404115 0.128171 108 71
117 153493180 937904 1881 0.0384188 0.126738 120 61
118 154083351 590171 1889 0.0380988 0.126972 112 63
119 154754792 671441 1897 0.0384927 0.12691 108 68
120 155756625 1001833 1910 0.0389999 0.126405 128 68
121 156442166 685541 1917 0.0406261 0.127942 94 70
122 157010381 568215 1925 0.0392263 0.126584 95 59
123 158033447 1023066 1938 0.0399617 0.127368 122 72
124 158768990 735543 1947 0.0394086 0.127861 99 59
125 159373295 604305 1954 0.040931 0.127958 88 67
126 159998589 625294 1963 0.038701 0.126007 119 54
127 160994641 996052 1975 0.0395364 0.126197 130 73
128 161813004 818363 1986 0.0392093 0.126312 112 54
129 162193285 380281 1991 0.0382241 0.122819 108 65
130 163064223 870938 2002 0.0393485 0.122738 117 63
131 163471879 407656 2006 0.0397845 0.121308 104 70
132 164009375 537496 2014 0.039813 0.12222 95 67
133 164834474 825099 2023 0.0394765 0.121663 115 58
134 165569739 735265 2033 0.0392553 0.12086 107 59
135 166540605 970866 2043 0.0396856 0.123301 114 74
136 167223314 682709 2053 0.0401385 0.123987 109 64
137 167670815 447501 2060 0.0391234 0.124068 106 65
138 168465691 794876 2068 0.0393213 0.124088 117 78
139 169398222 932531 2077 0.0390415 0.123389 123 64
140 169933965 535743 2085 0.0386223 0.122507 104 64
141 170448009 514044 2091 0.0387859 0.121962 116 82
142 171306009 858000 2101 0.0381251 0.121414 118 58
143 171909938 603929 2108 0.0388045 0.122314 98 74
144 172605742 695804 2114 0.0396427 0.121712 102 71
145 173483864 878122 2127 0.0381703 0.121113 136 63
146 174034467 550603 2133 0.0380933 0.120749 115 82
147 174653518 619051 2140 0.0396177 0.122078 89 75
148 175400073 746555 2152 0.0383013 0.121803 117 56
149 175974489 574416 2160 0.0381691 0.121321 135 81
150 176714394 739905 2170 0.0375907 0.120801 109 61
151 177553995 839601 2179 0.0381219 0.120986 108 73
152 178293702 739707 2189 0.0379292 0.12145 108 63
153 178972210 678508 2196 0.0387246 0.120266 106 73
154 179654921 682711 2206 0.0395189 0.121049 109 73
155 180244997 590076 2212 0.0394175 0.119404 122 79
156 180577983 332986 2217 0.0379948 0.119036 99 54
157 181090853 512870 2223 0.0371051 0.118678 113 63
158 181990129 899276 2234 0.0383099 0.120582 108 80
159 182709053 718924 2242 0.0379375 0.120666 110 56
160 183706686 997633 2255 0.0370479 0.120154 122 65
161 184301046 594360 2263 0.0386181 0.121991 93 71
162 184713550 412504 2267 0.0393845 0.121861 94 73
163 185259932 546382 2276 0.0380876 0.120142 125 70
164 185989664 729732 2285 0.0388824 0.120932 101 73
165 186422608 432944 2291 0.0382931 0.119136 103 64
166 186917776 495168 2295 0.0387892 0.118563 102 73
167 187291285 373509 2301 0.0378493 0.116798 103 64
168 187914284 622999 2310 0.0379568 0.117758 109 69
169 188427390 513106 2316 0.0369605 0.116778 121 70
170 189402726 975336 2329 0.0385527 0.117319 112 61
171 190047831 645105 2335 0.0386133 0.116781 114 78
172 190533884 486053 2343 0.0389759 0.117528 96 68
173 190776303 242419 2346 0.0380528 0.115929 93 67
174 191229982 453679 2351 0.0381584 0.115184 102 74
175 191910418 680436 2359 0.0382422 0.115126 94 58
176 192472314 561896 2366 0.0392933 0.116568 94 73
177 192911157 438843 2373 0.0380351 0.114631 121 65
178 193519121 607964 2380 0.0381204 0.115526 105 70
179 194287355 768234 2388 0.0383662 0.1154 95 58
180 194879043 591688 2394 0.0393152 0.116367 88 68
181 195395162 516119 2399 0.038955 0.114781 107 65
182 196371481 976319 2412 0.0396149 0.116284 108 72
183 196853530 482049 2415 0.0390276 0.115449 106 74
184 197708576 855046 2428 0.0406939 0.116142 105 63
185 198264311 555735 2434 0.0396685 0.114874 102 57
186 198575336 311025 2439 0.0394463 0.114421 89 50
187 198981738 406402 2445 0.0396307 0.114528 97 68
188 199869752 888014 2456 0.0392602 0.114135 127 63
189 200327853 458101 2461 0.0390511 0.114191 94 63
190 201064105 736252 2473 0.0388013 0.1139 130 62
191 201891385 827280 2485 0.0390444 0.115357 114 61
192 202407869 516484 2491 0.0383526 0.113489 98 61
193 202619600 211731 2494 0.037953 0.112967 101 72
194 203422122 802522 2506 0.0376344 0.113446 108 54
195 203877441 455319 2512 0.0381324 0.114659 97 73
196 204676811 799370 2521 0.0378767 0.115255 102 62
197 205192026 515215 2530 0.0372324 0.114932 116 64
198 206110848 918822 2542 0.0386447 0.114435 121 73
199 206951682 840834 2552 0.0395605 0.115448 105 77
200 207683398 731716 2562 0.0390041 0.115667 114 65
201 208038061 354663 2567 0.0391457 0.115417 99 71
202 208706989 668928 2574 0.0395702 0.114945 115 75
203 209114645 407656 2579 0.0394054 0.114153 101 76
204 209531372 416727 2584 0.0380918 0.113963 102 65
205 209893163 361791 2587 0.0377385 0.113121 101 65
206 210489424 596261 2595 0.0379789 0.112955 108 73
207 210953160 463736 2600 0.0369516 0.113039 112 73
208 211539774 586614 2609 0.0372348 0.113694 120 82
209 211990599 450825 2616 0.0365953 0.111493 108 51
210 212587149 596550 2625 0.0358892 0.110765 101 47
211 213233243 646094 2632 0.0362791 0.110475 121 78
212 213970792 737549 2641 0.0365816 0.111044 91 60
213 214754925 784133 2651 0.0362501 0.110708 112 65
214 215447583 692658 2659 0.0376155 0.112267 107 83
215 216089000 641417 2666 0.0376872 0.11189 104 78
216 216651842 562842 2672 0.0362278 0.110208 108 65
217 217223943 572101 2681 0.0364964 0.11003 100 60
218 217928469 704526 2690 0.0368414 0.109867 103 63
219 218300648 372179 2694 0.0368907 0.109509 89 60
220 218866374 565726 2701 0.0372013 0.109907 100 78
221 219455165 588791 2709 0.0370991 0.108963 121 74
222 219709698 254533 2713 0.0374275 0.10842 102 72
223 220082455 372757 2718 0.0366117 0.107608 100 69
224 220973834 891379 2728 0.0368957 0.106995 125 68
225 222152322 1178488 2745 0.037257 0.107637 116 52
226 222996651 844329 2755 0.0384646 0.108441 96 73
227 223664881 668230 2762 0.0379859 0.108132 120 76
228 224454194 789313 2770 0.0378409 0.108055 109 70
229 225173671 719477 2778 0.0379424 0.108566 96 58
230 225723737 550066 2784 0.0378279 0.108667 94 57
231 226076533 352796 2790 0.0371189 0.108893 104 65
232 226634003 557470 2796 0.0375408 0.109036 113 89
233 227414662 780659 2806 0.0369767 0.107966 120 70
234 228107359 692697 2814 0.0372533 0.107853 92 55
235 229432904 1325545 2828 0.0375483 0.108579 109 50
236 230134922 702018 2835 0.0372867 0.108593 101 60
237 230796553 661631 2843 0.0379375 0.109801 100 73
238 231311761 515208 2850 0.0370164 0.109456 108 63
239 231952872 641111 2859 0.0365364 0.109268 100 47
240 232521418 568546 2866 0.0377603 0.110179 106 81
241 233044632 523214 2871 0.0385941 0.1105 90 75
242 233572348 527716 2877 0.0376822 0.111454 99 63
243 234148959 576611 2885 0.0379346 0.110861 113 69
244 234306742 157783 2887 0.0371988 0.110617 94 67
245 234936953 630211 2894 0.0380848 0.110839 104 79
246 235367115 430162 2900 0.0371672 0.110539 106 51
247 236206855 839740 2910 0.0371201 0.111208 114 72
248 236850619 643764 2918 0.0374378 0.112187 111 74
249 237246287 395668 2923 0.0385151 0.11213 105 82
250 237712024 465737 2929 0.0381673 0.11203 101 68
251 238340409 628385 2936 0.036926 0.110546 115 61
252 239227317 886908 2945 0.0358856 0.109048 122 52
253 240016212 788895 2957 0.036688 0.109609 118 67
254 240496645 480433 2961 0.0376462 0.110394 89 70
255 240881617 384972 2967 0.0369368 0.110148 107 69
256 241441674 560057 2976 0.0361592 0.109814 141 84
257 242243368 801694 2984 0.0361995 0.108996 105 61
258 242893971 650603 2992 0.0370071 0.109396 99 70
259 243762826 868855 3003 0.0376618 0.109786 120 78
260 244858137 1095311 3014 0.0371633 0.108427 113 48
261 245109509 251372 3017 0.0369398 0.107406 96 62
262 245591917 482408 3024 0.0381684 0.107964 98 75
263 245776834 184917 3027 0.0369459 0.105474 106 61
264 246372390 595556 3036 0.0356683 0.104283 114 52
265 247150890 778500 3045 0.036921 0.105342 91 75
266 247782822 631932 3051 0.0384815 0.105562 88 73
267 248244528 461706 3057 0.0372091 0.105259 94 62
268 248735082 490554 3064 0.0367643 0.105314 112 68
269 249954812 1219730 3080 0.0367966 0.105516 114 54
270 250414182 459370 3085 0.0364124 0.105384 100 63
271 251188883 774701 3094 0.0366989 0.105718 116 76
272 251627491 438608 3096 0.0364749 0.103958 96 61
273 252348168 720677 3108 0.036859 0.103889 101 56
274 253137881 789713 3118 0.0365349 0.104671 114 73
275 253735435 597554 3127 0.0373824 0.105419 102 76
276 254258047 522612 3134 0.03732 0.106297 101 73
277 254809199 551152 3139 0.0371373 0.10591 110 69
278 255165751 356552 3145 0.0371045 0.106029 94 68
279 255616175 450424 3151 0.036475 0.104478 125 72
280 255874860 258685 3155 0.035885 0.102973 104 66
281 256845775 970915 3167 0.0358244 0.102982 119 59
282 257374695 528920 3173 0.0361833 0.103395 106 68
283 257906799 532104 3181 0.035586 0.102513 114 58
284 258720298 813499 3192 0.0357754 0.102627 115 70
285 259329518 609220 3198 0.0357085 0.102172 113 76
286 259919838 590320 3208 0.0366442 0.10226 106 69
287 260279473 359635 3210 0.0358786 0.100539 99 67
288 260661091 381618 3216 0.03445 0.099449 122 61
289 261376610 715519 3224 0.0344907 0.0987657 116 66
290 261619732 243122 3227 0.0347039 0.0991053 96 74
291 262563299 943567 3237 0.0351005 0.0989966 116 65
292 263395766 832467 3247 0.0348561 0.0990181 103 60
293 263915068 519302 3254 0.035008 0.0987809 113 69
294 265000413 1085345 3264 0.034412 0.0987869 110 59
295 265568056 567643 3273 0.0356361 0.0998322 87 66
296 266071428 503372 3277 0.0351257 0.0993425 108 72
297 266584805 513377 3286 0.0355656 0.0992639 95 72
298 267204143 619338 3294 0.0355163 0.0991232 117 72
299 267660394 456251 3299 0.0361077 0.100012 94 76
300 267941185 280791 3302 0.0351774 0.099684 117 83
301 268598008 656823 3312 0.0351331 0.0987925 113 65
302 269239691 641683 3321 0.0355486 0.0987467 103 74
303 270083667 843976 3331 0.0363858 0.0999083 94 68
304 270543041 459374 3337 0.0362232 0.0999671 113 85
305 271296045 753004 3344 0.0361072 0.0998147 111 70
306 271986646 690601 3354 0.0358471 0.100011 101 55
307 272271232 284586 3358 0.036056 0.100962 91 77
308 272713449 442217 3361 0.0355408 0.101208 88 70
309 273271951 558502 3372 0.0348803 0.101079 115 61
310 273989765 717814 3381 0.0354298 0.101849 110 79
311 275113768 1124003 3391 0.0356551 0.102184 110 66
312 275823046 709278 3400 0.0346933 0.101987 108 52
313 276586258 763212 3409 0.035693 0.102112 102 78
314 276833886 247628 3410 0.0359123 0.101648 108 83
315 277055733 221847 3414 0.0354107 0.100837 93 63
316 277285968 230235 3417 0.0354185 0.100226 85 59
317 277649411 363443 3425 0.0353488 0.100005 98 69
318 278289240 639829 3433 0.0356817 0.0999924 107 74
319 278611931 322691 3436 0.0359275 0.101118 93 69
320 278981438 369507 3441 0.0354481 0.100791 105 75
321 279392618 411180 3446 0.0356331 0.101081 104 78
322 279725379 332761 3451 0.0357381 0.101712 98 72
323 280010673 285294 3454 0.0356162 0.10097 105 77
324 280538539 527866 3460 0.0353525 0.100202 105 65
325 281107486 568947 3467 0.03505 0.0996936 102 61
326 281697296 589810 3474 0.0342539 0.0989286 109 71
327 282335381 638085 3482 0.0356049 0.0997313 93 77
328 282688252 352871 3487 0.0354777 0.0984781 102 62
329 283225172 536920 3493 0.0347651 0.0976166 112 68
330 283914749 689577 3502 0.034963 0.0971331 116 73
331 284361637 446888 3509 0.0361218 0.0970956 83 69
332 284873990 512353 3516 0.035366 0.096046 103 59
333 285868222 994232 3526 0.0346585 0.095176 132 66
334 286421309 553087 3534 0.035442 0.0958267 109 76
335 287086211 664902 3542 0.0354842 0.0954136 115 72
336 287490521 404310 3549 0.0354914 0.0947644 116 79
337 288080600 590079 3556 0.0357586 0.0949278 103 80
338 288653855 573255 3563 0.0360837 0.0944174 95 64
339 289153476 499621 3570 0.0366694 0.0946687 109 77
340 289344358 190882 3571 0.0363123 0.0945157 105 82
341 290070221 725863 3581 0.0356401 0.0936326 117 64
342 290588180 517959 3588 0.0354768 0.0930828 104 61
343 291250976 662796 3596 0.0353098 0.092961 115 70
344 291723090 472114 3602 0.0360081 0.0934053 98 77
345 292733855 1010765 3614 0.0356469 0.0932402 124 66
346 293158848 424993 3618 0.036055 0.0933343 97 77
347 293562479 403631 3622 0.0367261 0.093321 88 77
348 293704847 142368 3623 0.036215 0.0924783 108 84
349 293841392 136545 3627 0.0367877 0.0929878 80 73
350 294184014 342622 3630 0.0358983 0.092073 107 75
351 294941729 757715 3640 0.0349571 0.0910487 116 55
352 295435875 494146 3649 0.0358537 0.0919187 100 80
353 295710161 274286 3651 0.036399 0.0928277 100 88
354 296015325 305164 3657 0.0358379 0.0919385 101 59
355 296458549 443224 3663 0.0363994 0.0916157 114 81
356 296838078 379529 3668 0.0359554 0.0912524 105 65
357 297426704 588626 3676 0.0354871 0.0913426 118 66
358 298113737 687033 3685 0.0356007 0.0912966 106 63
359 298677214 563477 3693 0.0359645 0.0914294 116 78
360 298881778 204564 3696 0.0362512 0.0912443 84 76
361 299626367 744589 3702 0.0353843 0.0908253 103 51
362 300400336 773969 3712 0.0362207 0.0917383 109 72
363 300878943 478607 3719 0.0356947 0.0917379 109 66
364 301269712 390769 3724 0.0358208 0.0914715 101 70
365 301823535 553823 3730 0.0352934 0.0913109 96 60
366 302218522 394987 3735 0.0347747 0.0906708 112 67
367 302664787 446265 3741 0.0357084 0.0917501 101 83
368 303178554 513767 3747 0.0353304 0.0915501 106 59
369 303951382 772828 3756 0.0356779 0.0918673 95 62
370 304146201 194819 3758 0.0357439 0.0914586 91 68
371 304374876 228675 3761 0.0353055 0.0908427 83 50
372 304433175 58299 3764 0.035291 0.0902754 93 65
373 304944467 511292 3771 0.0348768 0.0903553 103 67
374 305552221 607754 3779 0.0356701 0.0908591 105 70
375 306168897 616676 3786 0.0353668 0.0908342 106 61
376 306665692 496795 3793 0.0347911 0.0910564 86 57
377 307291948 626256 3801 0.0347679 0.0914822 99 71
378 307844770 552822 3807 0.0355827 0.0918676 101 68
379 308351248 506478 3813 0.0342433 0.09022 116 59
380 309007982 656734 3823 0.0351631 0.0907033 90 58
381 309625494 617512 3830 0.0354026 0.090721 98 70
382 310427606 802112 3842 0.0349479 0.0902525 136 62
383 311028056 600450 3849 0.0346563 0.0904748 107 66
384 311310766 282710 3852 0.0358442 0.0909443 82 84
385 311498346 187580 3853 0.0352486 0.0906866 95 71
386 311929121 430775 3860 0.0344032 0.0899536 124 75
387 312467281 538160 3868 0.0346783 0.0898257 97 65
388 312703884 236603 3872 0.0348802 0.0898042 88 62
389 312884726 180842 3872 0.034438 0.088974 87 68
390 313181552 296826 3877 0.0337327 0.0885868 105 65
391 313594934 413382 3884 0.0343488 0.0888825 100 73
392 314540731 945797 3894 0.0340083 0.0893249 103 65
393 315163888 623157 3903 0.0339369 0.090024 108 72
394 315875792 711904 3911 0.0347056 0.0914115 78 64
395 316273780 397988 3917 0.0351295 0.0912924 91 72
396 316671195 397415 3923 0.0350886 0.0906979 95 76
397 317069263 398068 3928 0.0337272 0.0897474 108 53
398 317554693 485430 3935 0.0344215 0.090102 97 70
399 317782472 227779 3936 0.034215 0.0895202 104 79
400 318326976 544504 3944 0.034137 0.0891982 104 61
401 318691427 364451 3949 0.0344086 0.0894715 93 71
402 319109858 418431 3955 0.0338191 0.0882303 101 60
403 319661704 551846 3962 0.0334295 0.0884938 106 60
404 320392665 730961 3971 0.033187 0.0886747 104 72
405 321054528 661863 3980 0.0340679 0.0892481 104 77
406 321415192 360664 3985 0.0339087 0.0887903 111 70
407 321913908 498716 3991 0.034149 0.0890592 99 68
408 322585682 671774 3999 0.0342581 0.0887212 105 71
409 323184266 598584 4007 0.0346096 0.0889997 90 66
410 323568414 384148 4011 0.0353492 0.0893439 84 74
411 323920252 351838 4013 0.0355708 0.0890065 88 72
412 324149099 228847 4016 0.0352038 0.0889843 82 62
413 324552875 403776 4024 0.0354055 0.0888855 104 72
414 324782225 229350 4026 0.0338803 0.0873669 108 52
415 325726695 944470 4040 0.0342756 0.0872961 111 58
416 326227169 500474 4046 0.0349105 0.0882235 92 84
417 326482981 255812 4050 0.0343102 0.0872338 97 55
418 327246425 763444 4062 0.033539 0.0871271 107 49
419 327970310 723885 4072 0.0332634 0.0876223 118 73
420 328350218 379908 4076 0.0335943 0.0881572 106 83
421 328952221 602003 4081 0.0333911 0.0871503 91 56
422 329224175 271954 4087 0.0329844 0.0871596 105 76
423 330159623 935448 4101 0.0335712 0.088422 105 65
424 330799109 639486 4109 0.0343178 0.0891858 107 81
425 331326617 527508 4113 0.0342003 0.0884405 108 75
426 331383525 56908 4117 0.034404 0.0892555 80 77
427 331668237 284712 4120 0.0340557 0.0885086 96 63
428 331829667 161430 4124 0.033721 0.0877252 108 65
429 332556442 726775 4133 0.0340238 0.0875406 116 75
430 333218219 661777 4141 0.0347054 0.0879087 101 73
431 333789905 571686 4148 0.0341638 0.0876473 99 62
432 334103780 313875 4151 0.0340099 0.0868905 99 75
433 334561186 457406 4156 0.0342774 0.0865775 108 80
434 334681861 120675 4160 0.034058 0.0859416 97 68
435 335336973 655112 4168 0.0336031 0.0860577 109 63
436 335816572 479599 4175 0.034055 0.0857695 98 71
437 336221090 404518 4180 0.0334258 0.0858487 110 75
438 336907223 686133 4188 0.0329257 0.0861561 100 71
439 337488786 581563 4197 0.0330427 0.0863433 86 51
440 337869918 381132 4201 0.0327001 0.0853702 101 57
441 338469789 599871 4209 0.0334292 0.0864993 90 67
442 338864014 394225 4214 0.0339293 0.0867459 95 76
443 339541682 677668 4225 0.0339896 0.0873512 106 65
444 340352328 810646 4236 0.0335457 0.0877258 120 58
445 340871956 519628 4244 0.0337882 0.0880745 93 72
446 341292884 420928 4246 0.0338766 0.0879494 84 63
447 341718176 425292 4253 0.0333788 0.0877123 105 69
448 342185518 467342 4260 0.0336422 0.087998 90 66
449 342759594 574076 4268 0.0334008 0.0875296 99 54
450 343529645 770051 4278 0.0335953 0.0882363 87 59
451 344165761 636116 4287 0.0337785 0.0880083 106 62
452 344610058 444297 4292 0.0335649 0.0877734 103 67
453 345004221 394163 4296 0.0341732 0.0887921 88 82
454 345289797 285576 4301 0.0330862 0.0877938 102 54
455 346068426 778629 4310 0.0334697 0.0880507 101 66
456 346359290 290864 4315 0.0330149 0.0877633 90 57
457 347017736 658446 4324 0.0329908 0.0876477 105 59
458 347417432 399696 4330 0.0331656 0.0877051 103 72
459 347804937 387505 4335 0.0337872 0.0878517 102 82
460 348195802 390865 4341 0.0341887 0.0876779 102 70
461 348518188 322386 4344 0.0336255 0.0873858 89 56
462 348820911 302723 4350 0.0333472 0.0872718 89 65
463 349557450 736539 4357 0.0333997 0.0876488 103 70
464 350067572 510122 4364 0.0331742 0.0866427 110 65
465 350694623 627051 4373 0.0334797 0.0869891 118 72
466 351324178 629555 4380 0.0339046 0.087409 85 62
467 351771108 446930 4386 0.0340539 0.0877988 86 65
468 352256486 485378 4391 0.0340583 0.0871326 105 71
469 352448200 191714 4392 0.0342878 0.0865473 104 79
470 352531883 83683 4395 0.0336954 0.0857673 93 64
471 353129724 597841 4405 0.0334451 0.0855986 110 58
472 353701004 571280 4411 0.0332887 0.0853927 106 79
473 354208734 507730 4417 0.033886 0.0861912 112 73
474 354539877 331143 4421 0.0338299 0.0862875 103 73
475 354797072 257195 4425 0.0336269 0.0856528 94 70
476 355243429 446357 4430 0.0328872 0.0855384 107 72
477 355790487 547058 4438 0.0328431 0.0849896 95 56
478 356383086 592599 4445 0.0322777 0.0844975 106 67
479 356832302 449216 4452 0.0330073 0.0847744 89 66
480 357313675 481373 4458 0.0327946 0.0848245 100 70
481 357576469 262794 4461 0.0330487 0.0844555 89 72
482 357692638 116169 4465 0.0327406 0.0845096 88 60
483 358063238 370600 4471 0.0322417 0.084072 96 69
484 358305117 241879 4474 0.0326194 0.0843614 94 82
485 358642852 337735 4479 0.0328784 0.0852509 92 73
486 358979463 336611 4483 0.0327484 0.0854566 96 70
487 359345531 366068 4489 0.0334807 0.0858069 91 74
488 359541578 196047 4490 0.0325506 0.0848602 99 61
489 359541578 0 4491 0.0324736 0.0848916 73 67
490 360073735 532157 4499 0.0315417 0.0842491 121 56
491 360847810 774075 4509 0.0317934 0.0838715 111 66
492 361305166 457356 4513 0.0325348 0.0849276 112 96
493 362063884 758718 4523 0.0318902 0.0848448 117 67
494 362624147 560263 4528 0.0323701 0.0843851 88 63
495 362853154 229007 4533 0.0327533 0.0842269 96 77
496 363237559 384405 4536 0.0319765 0.0838423 84 56
497 363598846 361287 4542 0.0323189 0.0842009 100 75
498 364106015 507169 4549 0.0320373 0.0833233 105 60
499 364339123 233108 4552 0.0323423 0.0837735 83 75
500 365006279 667156 4560 0.0323017 0.0839328 116 81
501 365431574 425295 4564 0.0317668 0.0833685 100 66
502 365811319 379745 4569 0.0316381 0.0832856 99 70
503 366116763 305444 4574 0.0316972 0.0829989 98 67
504 366386595 269832 4579 0.0319128 0.083121 106 81
505 366572106 185511 4580 0.031332 0.0826631 104 72
506 366827786 255680 4586 0.0315058 0.0825621 90 57
507 367320278 492492 4593 0.0312506 0.0826181 106 76
508 367994913 674635 4604 0.0313505 0.0833213 102 66
509 368548792 553879 4611 0.0313308 0.0829505 99 65
510 369201053 652261 4619 0.0309941 0.0834262 118 68
511 369953138 752085 4628 0.0312734 0.0839931 109 66
512 370515342 562204 4634 0.0309622 0.0828313 109 68
513 371029983 514641 4643 0.0310466 0.0832577 103 68
514 371471234 441251 4648 0.0312365 0.0835279 93 76
515 371753308 282074 4651 0.0315682 0.0835836 94 73
516 372046187 292879 4657 0.0314484 0.0835558 102 79
517 372566859 520672 4664 0.031257 0.0836138 95 60
518 372992480 425621 4670 0.0317005 0.0837146 96 72
519 373220899 228419 4673 0.0311309 0.0828545 98 70
520 373507443 286544 4678 0.0314723 0.0834896 92 79
521 373963402 455959 4683 0.0318502 0.0835756 104 82
522 374537233 573831 4690 0.0322161 0.0835363 103 74
523 374936688 399455 4696 0.0317901 0.0835323 104 73
524 375101564 164876 4699 0.0316892 0.0834023 93 71
525 375413473 311909 4703 0.0309841 0.0827624 107 70
526 375778647 365174 4709 0.0316059 0.0837056 88 77
527 376266637 487990 4715 0.0314396 0.0830422 114 75
528 376859906 593269 4724 0.0326425 0.0842262 101 79
529 377305788 445882 4729 0.0322589 0.0838701 104 72
530 377499241 193453 4730 0.032565 0.0830137 87 74
531 377759972 260731 4735 0.0318026 0.0823122 91 63
532 378195884 435912 4741 0.0314449 0.0824875 88 61
533 378788145 592261 4748 0.0322378 0.0832352 110 86
534 378946003 157858 4751 0.0319772 0.0834539 94 73
535 379300676 354673 4755 0.0320533 0.0829951 97 75
536 379667701 367025 4758 0.0320901 0.0830825 93 73
537 380063209 395508 4764 0.0309879 0.0821487 126 70
538 380560105 496896 4771 0.0307936 0.0823866 98 65
539 381095694 535589 4781 0.0306425 0.0825256 106 59
540 381648913 553219 4788 0.0305494 0.0818246 119 72
541 381906325 257412 4793 0.0309321 0.0819145 101 78
542 382254980 348655 4798 0.0311045 0.082104 104 82
543 382668360 413380 4802 0.0313194 0.081318 101 69
544 383258724 590364 4811 0.0313267 0.0814855 95 60
545 383619443 360719 4815 0.0317132 0.0814681 91 84
546 383993776 374333 4821 0.0312313 0.0809135 112 70
547 384380848 387072 4827 0.0316187 0.0814984 102 78
548 385219042 838194 4839 0.0317984 0.0815573 106 60
549 385687578 468536 4847 0.0316522 0.0814816 102 67
550 386449859 762281 4857 0.0317457 0.0813875 123 70
551 386818969 369110 4861 0.0322069 0.0817849 86 75
552 387051108 232139 4863 0.0318354 0.0813427 95 74
553 387259983 208875 4867 0.0322088 0.0817606 93 80
554 387926691 666708 4872 0.0320797 0.0818102 99 75
555 387984990 58299 4874 0.0314534 0.0810479 101 64
556 388551495 566505 4882 0.0316277 0.0810987 118 76
557 389084783 533288 4888 0.0319553 0.0811647 102 70
558 389389624 304841 4891 0.0316175 0.0808132 84 63
559 389612033 222409 4894 0.0312874 0.0799833 90 56
560 389773713 161680 4896 0.0314094 0.0797833 93 73
561 390114634 340921 4902 0.0317563 0.0798629 97 66
562 390347976 233342 4905 0.0317199 0.0793975 95 74
563 390722125 374149 4909 0.0317783 0.079292 87 75
564 391211632 489507 4916 0.0321752 0.0795201 93 64
565 391664316 452684 4921 0.0316947 0.0789607 102 70
566 392323069 658753 4931 0.0319988 0.0790369 105 70
567 392839415 516346 4939 0.031718 0.0786668 117 78
568 393242148 402733 4944 0.0320859 0.0792572 82 72
569 393635190 393042 4951 0.0317083 0.0791504 101 67
570 393774329 139139 4953 0.0319759 0.0794058 92 76
571 394172684 398355 4960 0.0313841 0.0794276 101 69
572 394440867 268183 4964 0.0312212 0.0796458 85 69
573 394947878 507011 4971 0.0317617 0.0795693 104 73
574 395276835 328957 4975 0.0322256 0.0794835 95 77
575 395548021 271186 4981 0.0312135 0.0788121 106 59
576 396074192 526171 4988 0.0317567 0.0789487 106 79
577 396251992 177800 4990 0.0316829 0.0792876 98 76
578 396655457 403465 4995 0.0316957 0.0792085 111 83
579 396920442 264985 5000 0.0317402 0.0793335 83 66
580 397222734 302292 5004 0.0314991 0.0791919 95 67
581 397339332 116598 5006 0.0310471 0.0785421 98 71
582 397597912 258580 5011 0.031316 0.0787591 82 68
583 398155274 557362 5017 0.0308852 0.078532 102 67
584 398714325 559051 5026 0.0304404 0.0781795 106 53
585 399207311 492986 5031 0.0311286 0.0787889 84 75
586 399498721 291410 5035 0.0311665 0.0786593 95 79
587 399844894 346173 5041 0.0309816 0.0784739 106 68
588 400348660 503766 5048 0.0314301 0.0780233 91 59
589 400695391 346731 5052 0.0317222 0.0779886 84 66
590 400833139 137748 5054 0.0328596 0.0778548 88 88
591 401020233 187094 5056 0.031952 0.0770683 104 65
592 401324885 304652 5063 0.0327268 0.07709 109 86
593 401556644 231759 5063 0.0320048 0.0766458 94 78
594 401880495 323851 5069 0.0317669 0.0763941 111 70
595 402335266 454771 5074 0.0318948 0.0763312 99 76
596 402682434 347168 5078 0.0320478 0.0765143 91 63
597 403002147 319713 5084 0.0318287 0.0764884 99 68
598 403148453 146306 5088 0.0317455 0.077072 101 83
599 403367582 219129 5091 0.0319362 0.0778692 87 80
600 403543782 176200 5092 0.0320449 0.0773079 92 76
601 403759939 216157 5095 0.031719 0.0769706 97 77
602 404350219 590280 5105 0.0319649 0.0771447 94 72
603 404832701 482482 5113 0.0328936 0.0776303 96 73
604 405074616 241915 5116 0.0324422 0.0775644 95 79
605 405303623 229007 5121 0.0319356 0.0767838 112 81
606 405637681 334058 5125 0.0322887 0.0769101 87 72
607 406245079 607398 5133 0.0322044 0.0767967 112 66
608 406789905 544826 5141 0.0324356 0.0771102 98 65
609 407481129 691224 5152 0.0323762 0.0772761 109 63
610 407826475 345346 5155 0.0321643 0.0769998 87 58
611 408092826 266351 5159 0.0314999 0.0768349 103 69
612 408631603 538777 5165 0.0316518 0.077237 88 67
613 408970303 338700 5169 0.0317527 0.0772334 103 80
614 409399432 429129 5175 0.0315034 0.0766644 90 54
615 409856141 456709 5183 0.0314586 0.0775929 88 64
616 410573431 717290 5190 0.031603 0.0772716 115 68
617 410979411 405980 5194 0.0313929 0.0769853 102 70
618 411332978 353567 5199 0.0316321 0.0769129 102 71
619 411582928 249950 5202 0.0321916 0.0772986 87 82
620 411904830 321902 5206 0.0309936 0.0767485 105 65
621 412571634 666804 5216 0.0317314 0.0776349 99 78
622 413045242 473608 5222 0.0318826 0.0771619 106 73
623 413487778 442536 5226 0.0317654 0.0774614 101 74
624 413857428 369650 5233 0.0313113 0.0771589 114 66
625 414076179 218751 5236 0.0320258 0.0773492 96 80
626 414396955 320776 5239 0.0313399 0.0761335 112 77
627 414792278 395323 5247 0.031309 0.0756302 108 62
628 415615144 822866 5258 0.0319588 0.0760308 116 80
629 416056799 441655 5266 0.0325078 0.0762953 106 82
630 416452095 395296 5271 0.0324281 0.0765811 98 71
631 416717258 265163 5271 0.032602 0.0761155 98 84
632 417049825 332567 5277 0.0321918 0.0754877 106 69
633 417315213 265388 5283 0.0319952 0.075997 93 71
634 417650871 335658 5288 0.0315154 0.0757122 98 57
635 417972025 321154 5291 0.0317304 0.0753502 98 72
636 418528368 556343 5300 0.0325074 0.0760166 95 81
637 418796302 267934 5302 0.0326 0.0761468 103 99
638 419168579 372277 5308 0.0311679 0.0751093 120 50
639 419800265 631686 5318 0.0311376 0.0757773 113 65
640 420106108 305843 5321 0.0320535 0.0758788 84 75
641 420409919 303811 5327 0.0315441 0.0755804 111 69
642 420929482 519563 5334 0.0316523 0.0759977 119 91
643 421210799 281317 5338 0.0310392 0.0749188 109 63
644 421600734 389935 5345 0.0308729 0.0745526 120 71
645 421714550 113816 5347 0.0308564 0.0751402 80 71
646 422314700 600150 5357 0.0312051 0.075372 102 78
647 422716002 401302 5363 0.0309963 0.075371 92 63
648 423382464 666462 5372 0.0316909 0.076083 113 90
649 423520375 137911 5372 0.032075 0.0760669 98 91
650 423794451 274076 5376 0.0314018 0.0751328 113 70
651 424197798 403347 5383 0.0313379 0.0752641 104 71
652 424561604 363806 5388 0.0317908 0.0757469 87 82
653 424914405 352801 5391 0.0312598 0.0754719 111 81
654 425147910 233505 5396 0.0315584 0.076034 95 77
655 425719766 571856 5403 0.0310911 0.0761348 103 65
656 426303574 583808 5413 0.030963 0.0760281 109 65
657 426869797 566223 5419 0.0315888 0.0761855 96 85
658 427159232 289435 5424 0.0316541 0.0761941 86 61
659 427610322 451090 5430 0.0310458 0.0757482 112 68
660 427804014 193692 5433 0.0311195 0.075778 97 78
661 428333560 529546 5441 0.0311942 0.0759905 108 81
662 428734409 400849 5445 0.0313303 0.0761438 92 62
663 428926186 191777 5449 0.0310497 0.0756074 98 67
664 429569394 643208 5457 0.0315231 0.0763012 102 82
665 429891526 322132 5460 0.0320569 0.0763015 87 88
666 430006378 114852 5463 0.0320945 0.0761192 97 82
667 430456153 449775 5469 0.0320997 0.0760362 102 68
668 430897925 441772 5475 0.0321804 0.0758467 101 76
669 431058377 160452 5477 0.0320209 0.0756897 93 71
670 431162899 104522 5477 0.0319856 0.0747965 89 73
671 431328458 165559 5481 0.0309796 0.0743531 100 60
672 431858045 529587 5490 0.0319596 0.0753646 93 84
673 432100844 242799 5494 0.031499 0.0750697 97 76
674 432648934 548090 5499 0.0318568 0.0754762 99 78
675 432973551 324617 5503 0.03146 0.0750252 93 66
676 433149208 175657 5508 0.030882 0.0747237 97 58
677 433773486 624278 5516 0.0314933 0.075194 93 78
678 434138687 365201 5523 0.031289 0.0752761 109 66
679 434664060 525373 5527 0.0310166 0.0759106 101 78
680 435119671 455611 5537 0.0311239 0.0770226 109 73
681 435393162 273491 5542 0.031104 0.0768201 94 74
682 435731627 338465 5547 0.0310651 0.0770488 90 73
683 436376964 645337 5555 0.0306486 0.0769399 114 66
684 436871869 494905 5561 0.0311678 0.0769268 88 72
685 437138234 266365 5566 0.0316815 0.0771085 100 74
686 437391686 253452 5568 0.0317014 0.0767015 94 77
687 437646955 255269 5570 0.0315243 0.0758716 108 82
688 437715510 68555 5572 0.0315382 0.0757109 87 69
689 438075301 359791 5578 0.0314437 0.0753481 107 76
690 438292824 217523 5581 0.0310876 0.0748682 109 74
691 438489034 196210 5583 0.0303832 0.074379 96 61
692 438715261 226227 5587 0.0303057 0.0746941 93 76
693 439109193 393932 5594 0.0308389 0.0749452 98 74
694 439434198 325005 5596 0.0308863 0.0749331 73 67
695 439932530 498332 5606 0.0303813 0.0751733 115 58
696 440465601 533071 5612 0.0307896 0.0757744 94 77
697 440799323 333722 5617 0.0311498 0.0757271 99 76
698 441043513 244190 5621 0.0308681 0.0753949 96 65
699 441362662 319149 5625 0.0309808 0.0751811 100 79
700 441650844 288182 5628 0.0313689 0.0752148 112 92
701 441787364 136520 5629 0.0307681 0.0746973 81 64
702 442263448 476084 5638 0.0307834 0.0747888 119 78
703 442673394 409946 5645 0.0306622 0.0745725 101 70
704 443108694 435300 5651 0.031624 0.0753256 87 78
705 443388056 279362 5652 0.0315657 0.0749967 96 83
706 443701983 313927 5660 0.0308473 0.074363 128 73
707 444267042 565059 5666 0.0308638 0.0738746 108 75
708 444540688 273646 5671 0.0307721 0.0740974 102 73
709 445272328 731640 5681 0.0315667 0.0746375 120 84
710 445540999 268671 5684 0.0321468 0.0746589 97 91
711 445744238 203239 5684 0.0320366 0.0746166 105 94
712 445802537 58299 5686 0.0321785 0.0744767 92 81
713 445954673 152136 5689 0.0320882 0.0743009 104 88
714 446011581 56908 5690 0.032512 0.0741771 74 70
715 446106398 94817 5692 0.0324224 0.0739245 86 72
716 446187238 80840 5695 0.0318293 0.0737188 94 68
717 446380211 192973 5696 0.0315224 0.0730163 88 72
718 446904155 523944 5703 0.0312077 0.0731458 106 65
719 447195182 291027 5708 0.030889 0.0728959 95 62
720 447411213 216031 5709 0.0309036 0.0729572 85 73
721 447824818 413605 5715 0.0312169 0.0739416 91 82
722 448018533 193715 5718 0.0315215 0.0742557 83 69
723 448254718 236185 5721 0.0313598 0.0738329 88 65
724 448590937 336219 5727 0.0310386 0.0736345 108 75
725 448940748 349811 5733 0.0310635 0.0734785 106 71
726 449244135 303387 5736 0.0309086 0.0735499 90 72
727 449744960 500825 5744 0.0312603 0.0740225 97 75
728 450253447 508487 5750 0.0312562 0.0739443 110 77
729 450689185 435738 5754 0.0312936 0.0738334 99 77
730 451089563 400378 5761 0.0314358 0.0741086 98 75
731 451499435 409872 5766 0.030842 0.0736898 107 62
732 451798629 299194 5769 0.0308482 0.0734295 94 66
733 452134015 335386 5776 0.0311903 0.0737397 97 75
734 452374336 240321 5779 0.0309998 0.0740656 97 81
735 452843873 469537 5786 0.0307796 0.0735926 112 74
736 453233683 389810 5792 0.0310552 0.0735454 108 77
737 453573550 339867 5796 0.0316048 0.0737897 83 71
738 453812530 238980 5800 0.0314264 0.0735386 101 73
739 454040434 227904 5804 0.0312636 0.0733935 103 73
740 454243673 203239 5807 0.0308415 0.0731833 95 66
741 454565375 321702 5812 0.0309246 0.0730822 97 74
742 455067073 501698 5819 0.03054 0.0730447 106 71
743 455699220 632147 5828 0.0309807 0.0733669 109 77
744 455999741 300521 5834 0.0308635 0.0735473 101 82
745 456305133 305392 5838 0.0307828 0.0740099 104 85
746 456788325 483192 5846 0.0312456 0.074614 92 73
747 457618953 830628 5857 0.0319035 0.0747782 113 78
748 458090764 471811 5862 0.0315249 0.0744453 103 74
749 458539132 448368 5867 0.031308 0.0746128 93 68
750 458739206 200074 5871 0.0308329 0.0748116 108 82
751 459126739 387533 5879 0.0312077 0.0756734 98 74
752 459513536 386797 5885 0.0316188 0.0756468 92 76
753 459770282 256746 5887 0.0312678 0.0748694 106 74
754 459838837 68555 5889 0.0317245 0.0749145 97 88
755 460125885 287048 5894 0.0319807 0.0753328 95 78
756 460271542 145657 5893 0.0317047 0.0749364 89 83
757 460569027 297485 5899 0.0315458 0.0747055 110 73
758 460852200 283173 5904 0.0312179 0.0743821 115 75
759 460978060 125860 5906 0.0318057 0.0743177 81 72
760 461209397 231337 5909 0.0316148 0.0742131 97 78
761 461689665 480268 5914 0.0313737 0.0743048 104 74
762 462013915 324250 5917 0.0316903 0.0751262 85 78
763 462341388 327473 5921 0.0313772 0.0751811 98 61
764 462703506 362118 5925 0.0317137 0.0753279 97 75
765 462891991 188485 5926 0.0312196 0.075028 99 82
766 463245896 353905 5933 0.0303881 0.0736572 122 55
767 463786091 540195 5943 0.0305523 0.0741385 108 72
768 464176916 390825 5948 0.0311057 0.0745754 93 81
769 464555880 378964 5953 0.0314859 0.0754826 86 75
770 464946244 390364 5957 0.0314838 0.0755993 92 80
771 465099360 153116 5957 0.0316758 0.0752448 93 75
772 465342215 242855 5962 0.0311427 0.0751972 103 70
773 465654025 311810 5969 0.0312771 0.0753793 103 76
774 466005026 351001 5973 0.03148 0.0756243 94 86
775 466180232 175206 5974 0.031843 0.0760587 81 78
776 466318143 137911 5974 0.0318792 0.0755151 92 90
777 466456054 137911 5978 0.0316 0.0756378 98 81
778 466963097 507043 5985 0.0315579 0.0756675 99 63
779 467186872 223775 5988 0.0317894 0.0760268 95 79
780 467398523 211651 5990 0.0322516 0.0760769 95 85
781 467594733 196210 5992 0.0319958 0.0757537 101 86
782 467838868 244135 5995 0.0315987 0.0757491 103 75
783 468099712 260844 6000 0.0319204 0.0764594 81 77
784 468584104 484392 6007 0.0319882 0.0762949 110 73
785 468953010 368906 6012 0.0319583 0.0762106 109 74
786 469047827 94817 6010 0.0315654 0.0758484 94 78
787 469295444 247617 6017 0.0314297 0.0760672 106 76
788 469632300 336856 6022 0.0313696 0.0761774 104 75
789 469820785 188485 6024 0.031806 0.0761694 100 86
790 470055745 234960 6027 0.032235 0.0759982 93 84
791 470465045 409300 6031 0.0322557 0.0763101 100 83
792 470465045 0 6029 0.0322244 0.0758441 95 83
793 470544657 79612 6029 0.0318209 0.0752019 84 64
794 470544657 0 6030 0.0314884 0.0746095 82 64
795 470920595 375938 6039 0.0312432 0.0744526 108 54
796 471447879 527284 6047 0.0313727 0.0746388 111 83
797 471858286 410407 6053 0.0310516 0.0742628 115 66
798 472213358 355072 6056 0.0307598 0.073991 101 72
799 472576466 363108 6063 0.0313893 0.0742422 98 73
800 472910980 334514 6067 0.0317162 0.0742697 106 84
801 473005797 94817 6066 0.0315098 0.0740702 79 67
802 473229572 223775 6068 0.0313343 0.0741351 86 73
803 473298127 68555 6072 0.0308304 0.0730212 104 57
804 473498408 200281 6076 0.0310239 0.073336 91 78
805 473838987 340579 6081 0.0306874 0.0730447 110 71
806 474374047 535060 6089 0.0309933 0.0735055 100 76
807 474551847 177800 6091 0.031283 0.0737315 89 76
808 474874472 322625 6096 0.03112 0.0736727 113 83
809 475254652 380180 6099 0.0313338 0.0739235 93 82
810 475502442 247790 6104 0.0313738 0.0745162 101 81
811 475597259 94817 6107 0.0304705 0.0739993 117 73
812 475780274 183015 6110 0.0304357 0.0738944 119 91
813 476046016 265742 6114 0.0302593 0.0732957 118 76
814 476351370 305354 6117 0.0307927 0.0738237 79 76
815 476559436 208066 6121 0.0305543 0.0738 100 69
816 476840557 281121 6122 0.0307549 0.0734757 97 92
817 477263885 423328 6131 0.0310972 0.0737592 102 82
818 477577453 313568 6133 0.030716 0.0732497 100 70
819 478081653 504200 6142 0.0313429 0.0738249 99 82
820 478287125 205472 6142 0.0323327 0.074237 80 94
821 478287125 0 6142 0.0318199 0.0740645 104 84
822 478345424 58299 6143 0.0318128 0.0734922 98 91
823 478403723 58299 6145 0.031157 0.0723773 102 68
824 478715062 311339 6150 0.0316287 0.0731625 101 100
825 478989883 274821 6151 0.0315641 0.0729137 84 77
826 479214069 224186 6153 0.0315159 0.0728347 93 78
827 479341295 127226 6155 0.0313882 0.0733291 96 86
828 479526448 185153 6157 0.032051 0.074301 73 78
829 479822822 296374 6162 0.0311677 0.0737658 116 67
830 479997251 174429 6166 0.0312443 0.0733175 117 89
831 480327022 329771 6169 0.0305111 0.072481 107 65
832 480550293 223271 6174 0.0308961 0.0728742 101 85
833 480959982 409689 6181 0.0307032 0.0727652 107 62
834 481325273 365291 6183 0.0302559 0.0719137 99 60
835 481770515 445242 6191 0.0307871 0.0727237 102 81
836 482072742 302227 6192 0.0303934 0.071863 99 68
837 482311578 238836 6197 0.0305881 0.071895 96 66
838 482709988 398410 6203 0.031303 0.0727923 96 92
839 482905599 195611 6203 0.0313022 0.0726696 100 81
840 483159640 254041 6208 0.0308593 0.0721686 95 62
841 483431029 271389 6213 0.0313864 0.0729891 85 86
842 483478643 47614 6212 0.0316645 0.0733266 87 98
843 483556889 78246 6211 0.0309753 0.0725649 102 76
844 483685343 128454 6216 0.0308687 0.0729401 100 79
845 483763589 78246 6215 0.0312197 0.0730523 71 74
846 483811203 47614 6216 0.0316462 0.0728701 89 92
847 483858817 47614 6216 0.0316763 0.0733283 84 91
848 483917116 58299 6220 0.0308523 0.0726248 100 66
849 484204016 286900 6223 0.0311328 0.0727085 92 83
850 484364468 160452 6225 0.0310141 0.0727769 96 78
851 484522326 157858 6227 0.0318241 0.0729249 76 78
852 484590881 68555 6229 0.0317206 0.0721129 111 91
853 484998117 407236 6235 0.031807 0.0718021 99 75
854 485158569 160452 6232 0.0322437 0.071956 79 95
855 485238181 79612 6236 0.0325499 0.0723929 87 76
856 485381023 142842 6240 0.0324334 0.0725856 94 74
857 485381023 0 6242 0.0319781 0.0727612 97 81
858 485558823 177800 6243 0.0313559 0.072824 97 74
859 485863771 304948 6248 0.0312197 0.0728114 117 83
860 485978542 114771 6249 0.031161 0.0729536 100 82
861 486248978 270436 6254 0.0306488 0.0724069 100 70
862 486616268 367290 6260 0.0310312 0.0729626 111 88
863 486896610 280342 6263 0.031075 0.072872 95 79
864 487142166 245556 6267 0.0317511 0.0733786 88 86
865 487328919 186753 6270 0.0312841 0.0730023 97 63
866 487669288 340369 6276 0.0307035 0.0730011 115 69
867 488129795 460507 6280 0.0308516 0.0727967 91 71
868 488355713 225918 6285 0.0311204 0.0733576 89 76
869 488697314 341601 6289 0.0313195 0.0733092 84 74
870 488978243 280929 6294 0.0307062 0.0729277 109 62
871 489426877 448634 6300 0.0308872 0.0735296 102 81
872 489867015 440138 6305 0.0312524 0.0734376 103 88
873 490206884 339869 6310 0.0311255 0.0737351 102 78
874 490473163 266279 6315 0.0309275 0.0737554 110 77
875 490691914 218751 6318 0.0310327 0.0733173 88 74
876 490988459 296545 6322 0.0314298 0.0733419 96 80
877 491221598 233139 6326 0.0310483 0.0728151 101 74
878 491655171 433573 6331 0.0308806 0.0730206 99 72
879 491793687 138516 6334 0.0307792 0.0730367 101 75
880 492026415 232728 6336 0.0311775 0.0733318 89 82
881 492184273 157858 6336 0.0307612 0.0732376 90 69
882 492279501 95228 6340 0.0307994 0.0738379 96 85
883 492554961 275460 6342 0.0310206 0.0734662 110 87
884 492810075 255114 6346 0.030794 0.0737874 96 77
885 492888321 78246 6348 0.0311209 0.073305 88 68
886 492983138 94817 6346 0.031082 0.0734396 87 92
887 493170395 187257 6351 0.0308864 0.073514 109 83
888 493328253 157858 6354 0.0305292 0.0736398 106 83
889 493675962 347709 6361 0.0303997 0.0736567 101 61
890 493945676 269714 6363 0.0304037 0.0739108 94 91
891 494163199 217523 6368 0.0309991 0.0743515 84 70
892 494443907 280708 6372 0.0304045 0.0736896 113 65
893 494864580 420673 6375 0.0299226 0.073137 114 74
894 495082103 217523 6380 0.0300004 0.0731866 106 75
895 495453023 370920 6385 0.0301442 0.0735562 120 87
896 495890667 437644 6391 0.0299679 0.0739372 106 82
897 496322562 431895 6394 0.0303518 0.0740512 98 81
898 496649202 326640 6400 0.0304579 0.0738438 106 78
899 497099454 450252 6406 0.0310354 0.0747406 86 88
900 497157753 58299 6404 0.0313562 0.0746921 76 84
901 497157753 0 6404 0.0311056 0.0746107 69 69
902 497157753 0 6405 0.0312526 0.0746041 81 79
903 497252570 94817 6406 0.0319504 0.0755495 88 99
904 497252570 0 6401 0.0316142 0.0750148 81 82
905 497252570 0 6405 0.0316752 0.0749405 82 65
906 497310869 58299 6407 0.031419 0.0746421 94 78
907 497487807 176938 6408 0.0316102 0.0749844 77 82
908 497567419 79612 6410 0.0314554 0.0743847 84 75
909 497567419 0 6408 0.0311158 0.0734092 91 70
910 497738470 171051 6408 0.0312274 0.0738967 82 93
911 497738470 0 6408 0.0319835 0.0748595 86 114
912 497816716 78246 6407 0.0315151 0.074069 91 79
913 497816716 0 6407 0.0319958 0.0750782 81 95
914 497875015 58299 6405 0.0316993 0.0742777 88 82
915 497954627 79612 6409 0.0322394 0.0746663 87 87
916 498012926 58299 6410 0.0324379 0.0744445 75 73
917 498090028 77102 6413 0.0322615 0.0751299 83 78
918 498249252 159224 6416 0.0326618 0.0758136 74 83
919 498249252 0 6410 0.0325169 0.0755263 65 81
920 498249252 0 6415 0.0329926 0.0761453 79 67
921 498249252 0 6410 0.0329957 0.0755897 75 82
922 498249252 0 6412 0.0330132 0.0753911 89 87
923 498249252 0 6413 0.0330728 0.0755477 82 77
924 498249252 0 6413 0.0323882 0.0756017 77 56
925 498249252 0 6411 0.0315305 0.0749733 87 62
926 498249252 0 6411 0.0323942 0.0755154 83 107
927 498249252 0 6408 0.0326664 0.0752503 80 82
928 498249252 0 6410 0.0328811 0.0753372 89 90
929 498249252 0 6412 0.0330291 0.0750753 85 75
930 498249252 0 6409 0.0323626 0.0748148 90 83
931 498249252 0 6410 0.0325389 0.0745914 84 82
932 498249252 0 6406 0.0329156 0.0740288 71 89
933 498249252 0 6404 0.0327999 0.0733951 74 75
934 498249252 0 6401 0.0326084 0.0734845 74 86
935 498249252 0 6394 0.032733 0.0737583 71 105
936 498249252 0 6396 0.0332005 0.0741544 81 92
937 498249252 0 6392 0.0336951 0.0744458 83 95
938 498249252 0 6393 0.0332416 0.0743827 88 74
939 498249252 0 6386 0.0329369 0.0734875 84 87
940 498249252 0 6385 0.0327812 0.0736044 82 84
941 498249252 0 6384 0.0334945 0.0742784 67 90
942 498249252 0 6385 0.0333436 0.0742243 87 83
943 498249252 0 6389 0.03311 0.0744112 90 74
944 498249252 0 6388 0.0332475 0.0746022 86 88
945 498249252 0 6388 0.0337379 0.0755811 83 101
946 498249252 0 6383 0.0339769 0.0762347 86 95
947 498249252 0 6379 0.0342354 0.0760428 72 99
948 498249252 0 6376 0.0344732 0.0757176 71 79
949 498249252 0 6369 0.0339843 0.0754326 68 90
950 498249252 0 6362 0.0344448 0.0753814 54 92
951 498249252 0 6363 0.0355141 0.0764411 57 87
952 498249252 0 6361 0.0356449 0.0766041 54 69
953 498249252 0 6357 0.0356748 0.0766056 58 86
954 498249252 0 6352 0.0361782 0.076817 62 94
955 498249252 0 6347 0.0358461 0.0765402 64 74
956 498249252 0 6343 0.0362725 0.0765924 55 91
957 498249252 0 6340 0.0366254 0.0769472 54 86
958 498249252 0 6337 0.0368287 0.0769835 69 83
959 498249252 0 6332 0.0369689 0.0766384 61 75
960 498249252 0 6328 0.0376295 0.076682 60 83
961 498249252 0 6324 0.0386864 0.0770547 54 93
962 498249252 0 6313 0.038286 0.076794 53 96
963 498249252 0 6308 0.0383657 0.0765643 62 87
964 498249252 0 6304 0.038197 0.0764946 59 74
965 498249252 0 6300 0.0383664 0.0765299 64 98
966 498249252 0 6294 0.0387797 0.0771699 64 94
967 498249252 0 6287 0.0393125 0.0776589 45 90
968 498249252 0 6283 0.0396839 0.0785486 61 103
969 498249252 0 6276 0.0400445 0.0786213 58 103
970 498249252 0 6270 0.0392983 0.0775524 63 70
971 498249252 0 6273 0.0403407 0.0786569 60 91
972 498249252 0 6263 0.0410864 0.0787667 50 106
973 498249252 0 6250 0.0398011 0.0779467 54 77
974 498249252 0 6242 0.0396203 0.0779667 66 99
975 498249252 0 6230 0.0393886 0.0779625 55 99
976 498249252 0 6222 0.0397423 0.0780195 60 100
977 498249252 0 6212 0.0397 0.0779589 58 89
978 498249252 0 6206 0.0397071 0.0783718 56 95
979 498249252 0 6200 0.0395187 0.0788879 66 99
980 498249252 0 6189 0.0391443 0.0786133 52 89
981 498249252 0 6189 0.0398656 0.0796942 49 82
982 498249252 0 6185 0.0404835 0.0798858 50 86
983 498249252 0 6180 0.0400967 0.0796216 67 90
984 498249252 0 6178 0.0409134 0.0804048 42 86
985 498249252 0 6169 0.0406905 0.0799957 60 90
986 498249252 0 6165 0.0413708 0.0806785 58 109
987 498249252 0 6161 0.0413053 0.0807591 66 84
988 498249252 0 6157 0.0417342 0.0805629 54 80
989 498249252 0 6151 0.0415558 0.0808756 62 108
990 498249252 0 6144 0.0423117 0.0814282 39 86
991 498249252 0 6134 0.0427106 0.0815083 45 94
992 498249252 0 6125 0.0437831 0.0825001 45 115
993 498249252 0 6112 0.0441823 0.0826141 33 98
994 498249252 0 6106 0.0457315 0.0839303 31 114
995 498249252 0 6094 0.0466771 0.0841021 37 106
996 498249252 0 6079 0.0478015 0.0847323 33 116
997 498249252 0 6069 0.0480741 0.0853765 31 87
998 498249252 0 6052 0.0488226 0.0864245 30 125
999 498249252 0 6041 0.0493006 0.0871655 32 96
