4
(host0Y6DP, 300, 830, 170076, 295)
(hostQK51F, 102, 714, 73229, 264)
(host4V30T, 170, 1014, 164248, 285)
(host1945N, 456, 796, 170212, 426)
6
(vm38TGB, 124, 2, 1)
(vmSU8E6, 80, 2, 0)
(vmMRUNJ, 60, 2, 1)
(vmJ85GG, 112, 4, 1)
(vmX9OWW, 106, 4, 1)
(vmH024K, 48, 2, 0)
3 2
4
(add, vm38TGB, 001, 2, 110030)
(add, vmSU8E6, 002, 1, 3522)
(add, vmMRUNJ, 003, 5, 75141)
(add, vmJ85GG, 004, 5, 10289)
4
(add, vm38TGB, 005, 1, 110030)
(del, 002)
(add, vmSU8E6, 006, 5, 3522)
(add, vmMRUNJ, 007, 5, 75141)
(1, 100)
(0, 200)
(1, 300)
(1, 100)
6
(add, vm38TGB, 008, 5, 110030)
(add, vmSU8E6, 009, 5, 3522)
(del, 001)
(add, vmMRUNJ, 010, 5, 75141)
(add, vmJ85GG, 011, 5, 10289)
(del, 005)
(1, 100)
(0, 200)
(0, 10)
(1, 100)
(0, 200)
(0, 10)
(1, 100)